cg04980428	cg00869989	cg00036871	cg00313722	cg10203211	cg02172466	cg25317460	cg06441024	cg17565051	cg08710410	cg10165209	cg00000363	cg06013113	cg00124045	cg17767099	cg14214182	cg01124440	cg20849032	cg10119288	cg14374754	cg03207391	cg12629689	cg01684361	cg00045303	cg18251222	cg14506686	cg21881034	cg27305460	cg23412900	cg27324541	cg17367077
0.229839371	0.9761069	0.484223701	0.799956002	0.644939226	0.977104956	0.097902667	0.832333405	0.722167734	0.727225837	0.905145721	0.342758879	0.967094261	0.909699703	0.774910509	0.407809269	0.018077391	0.876285095	0.941579948	0.185596359	0.643529462	0.959471676	0.911266204	0.01814367	0.102237671	0.878139103	0.032843999	0.663075711	0.020912561	0.601370729	0.927206838
0.21259443	0.978970443	0.494520832	0.767215147	0.644661043	0.984265365	0.073946286	0.861227667	0.702765095	0.717096158	0.91543117	0.2470576	0.957250114	0.886576986	0.747987816	0.390716873	0.017645617	0.899777351	0.943627742	0.180262847	0.675133075	0.931631319	0.94112605	0.018251437	0.11177612	0.864636189	0.033998785	0.715085576	0.020550638	0.609720785	0.901363753
0.184409397	0.977882024	0.473092676	0.780950983	0.73431943	0.978361434	0.065805384	0.843939319	0.590596455	0.751788718	0.919179013	0.238733185	0.959145676	0.805375417	0.758672898	0.393183316	0.018776868	0.895327891	0.947119376	0.15606878	0.651064159	0.925466684	0.896942576	0.01637508	0.097993658	0.869944835	0.035393331	0.676029628	0.022506217	0.623803939	0.93159363
0.190420681	0.978339861	0.475387078	0.76113557	0.613337508	0.984832249	0.052610113	0.833782147	0.582947363	0.711314761	0.921217178	0.237710958	0.962107226	0.853931339	0.736949071	0.369190358	0.020146799	0.915281336	0.945453925	0.077957792	0.646796065	0.938942924	0.966636559	0.016299846	0.091944153	0.86424364	0.031217778	0.689574325	0.022874181	0.583499278	0.966816759
0.207415849	0.978130316	0.484973597	0.788989671	0.65814955	0.981664691	0.064692855	0.853440131	0.69443305	0.729825418	0.935947233	0.198976557	0.963772252	0.912063205	0.742450416	0.401613721	0.017415526	0.923563577	0.944246458	0.153301856	0.639622341	0.951602906	0.939226751	0.017810179	0.118931634	0.835067852	0.027275952	0.700007078	0.019010374	0.622561356	0.940449176
0.200242606	0.976869023	0.536453454	0.778129786	0.661369074	0.978179052	0.072545791	0.855572425	0.678736252	0.727962707	0.915776525	0.326543386	0.962941225	0.8558376	0.750119102	0.388693015	0.019977704	0.905197683	0.928921147	0.14087528	0.665499501	0.940260194	0.967619417	0.01737475	0.096886592	0.843598741	0.029639903	0.749467819	0.019735463	0.578272436	0.932206901
0.200593976	0.976231939	0.462644246	0.766666752	0.68402929	0.976380863	0.057131216	0.818349133	0.600559629	0.761921088	0.932948295	0.249031286	0.957443508	0.815476199	0.781895516	0.372527236	0.019002706	0.877016542	0.937274533	0.175387761	0.683894666	0.92945975	0.914897384	0.018136128	0.089453627	0.854114087	0.031878504	0.567721925	0.022552961	0.589080035	0.914194603
0.191936861	0.972798447	0.517828391	0.750481945	0.605658639	0.979139059	0.071494695	0.815758	0.648879742	0.71744101	0.914442088	0.228658384	0.960396277	0.801136357	0.712304882	0.325751558	0.017132838	0.881299427	0.916457199	0.133676059	0.689262643	0.91859985	0.866426346	0.019664547	0.092140824	0.82620164	0.036605834	0.703934593	0.024753257	0.589322152	0.883759249
0.203493973	0.972502789	0.51652229	0.734292462	0.556114978	0.982302701	0.065476721	0.834782691	0.724815393	0.671529968	0.885505416	0.234911512	0.959858958	0.887231158	0.673295526	0.349279471	0.018050621	0.853499179	0.931370798	0.14038345	0.639009639	0.964964068	0.925247285	0.018808185	0.080754869	0.829074395	0.032177947	0.698398516	0.021179772	0.614075755	0.939324039
0.293530964	0.975569268	0.546075367	0.811921244	0.619614378	0.985172964	0.066077112	0.832947549	0.845714089	0.699402681	0.90063722	0.332067379	0.955341897	0.883394801	0.793753618	0.33163524	0.01970043	0.878109385	0.945723552	0.17132656	0.700130362	0.96620666	0.863477807	0.019295316	0.08502799	0.833797764	0.03403351	0.614237645	0.022197029	0.703517902	0.913183869
0.28682314	0.975310087	0.56365374	0.759728977	0.587303836	0.973796969	0.106748108	0.838841358	0.768333899	0.743947844	0.908767712	0.35020205	0.958894332	0.898691946	0.721100322	0.375125108	0.018839651	0.918090926	0.934361725	0.152126262	0.735565135	0.947540671	0.949726848	0.01621213	0.09969721	0.847213312	0.029137982	0.760145907	0.020851969	0.66977063	0.938409512
0.191699007	0.976073891	0.501398649	0.776631779	0.70203425	0.980447945	0.052549865	0.834521215	0.648119989	0.698522382	0.920301708	0.31848269	0.95940703	0.806171085	0.731039728	0.368394693	0.01774131	0.893038845	0.933887014	0.173916595	0.691281302	0.89666996	0.905696688	0.018006958	0.093354764	0.845967881	0.029417583	0.748720166	0.022560259	0.539743752	0.904005836
0.193428073	0.97701493	0.483967975	0.792173939	0.68514081	0.980700202	0.071102456	0.836312994	0.660117888	0.721731767	0.90857959	0.210439097	0.959580122	0.822143276	0.805868657	0.351285053	0.018340459	0.889713115	0.927118877	0.151332141	0.618896599	0.942063308	0.923888812	0.01788078	0.11231223	0.857286832	0.031776976	0.695377859	0.022431398	0.581078513	0.911284352
0.201872924	0.973434067	0.491025687	0.759361207	0.642745389	0.971307141	0.084873912	0.810815352	0.707062507	0.735854172	0.90751589	0.265414895	0.934625384	0.854493918	0.719654846	0.332181867	0.02150503	0.845520885	0.937822536	0.128345162	0.621618711	0.889934828	0.921676926	0.020425323	0.096151232	0.837223264	0.031487142	0.548252894	0.022910778	0.607209802	0.923059122
0.188625897	0.97673452	0.49558708	0.740753899	0.662128634	0.963894891	0.060327536	0.823497178	0.693287059	0.742003236	0.92759587	0.210420679	0.961909049	0.833467333	0.707671973	0.40747115	0.019227827	0.8896724	0.924809224	0.125733907	0.685477638	0.926122745	0.898556124	0.01847714	0.103590947	0.840473539	0.029271802	0.76800993	0.02487073	0.590653489	0.94206575
0.250170807	0.975874447	0.489350289	0.798425602	0.663223035	0.975577727	0.100250628	0.844754445	0.744328801	0.692936579	0.904169373	0.247229068	0.962010085	0.810554447	0.74693218	0.374356665	0.020934405	0.871332701	0.937758498	0.183003237	0.568354473	0.95092081	0.907872197	0.02074281	0.068237732	0.861717409	0.031857552	0.671413549	0.022160795	0.62342224	0.933536496
0.182058475	0.974554258	0.444960397	0.76988762	0.65756089	0.969505108	0.063296959	0.822606596	0.625956469	0.708971651	0.889961807	0.207283188	0.955111905	0.824960128	0.749964527	0.350539634	0.019779768	0.888617235	0.930471344	0.166457977	0.580149669	0.918180289	0.887917959	0.019445759	0.106939957	0.860614075	0.032116727	0.664490878	0.02087646	0.548948234	0.93167849
0.194815469	0.976022983	0.496318331	0.794734837	0.627225699	0.983373827	0.052746045	0.855078586	0.614523498	0.745446354	0.909029604	0.165622827	0.968531174	0.89972483	0.800957002	0.40372283	0.018079565	0.907074237	0.936727974	0.203905107	0.67073721	0.937002661	0.849535839	0.015536905	0.100567454	0.862472445	0.03100478	0.707352463	0.023074449	0.606839604	0.906997694
0.307939871	0.975691267	0.525998551	0.821911054	0.556500373	0.965847728	0.058067023	0.848953872	0.737091036	0.741426803	0.925623528	0.288750414	0.962919466	0.914784795	0.758207503	0.328619703	0.021882736	0.911552396	0.95041619	0.121593875	0.683496233	0.961180754	0.900112071	0.018136558	0.10507089	0.843491705	0.032429996	0.578225935	0.020819069	0.716598877	0.928773691
0.26363663	0.974866824	0.515575269	0.822267639	0.497248115	0.972364911	0.122896151	0.828214138	0.755722552	0.656833793	0.891275236	0.241113054	0.94489077	0.778335588	0.834016629	0.625373339	0.02000488	0.820121613	0.924936658	0.053326736	0.772416781	0.982878617	0.958368087	0.020440032	0.090900251	0.795215389	0.035824348	0.4812945	0.027102559	0.548704486	0.79946471
0.206154234	0.974282587	0.496438609	0.777829531	0.629365678	0.973898492	0.082542461	0.835947224	0.669070486	0.718385689	0.902987073	0.213323285	0.950835186	0.881237396	0.786351237	0.349930048	0.019928096	0.888663394	0.922042291	0.146999456	0.641631861	0.957799336	0.872711667	0.019969668	0.090043494	0.847831565	0.032305324	0.720439338	0.019887047	0.542516901	0.938206401
0.191420585	0.974590606	0.520829217	0.740067243	0.701764121	0.974150017	0.063561443	0.801734821	0.64471337	0.765590412	0.915273873	0.287502438	0.958933026	0.86939243	0.745983251	0.367561574	0.017867783	0.885901996	0.941190219	0.117119048	0.630724451	0.899566534	0.859017435	0.01886613	0.079137695	0.843109195	0.034333582	0.599443417	0.023941604	0.597774674	0.888005132
0.227015616	0.977438827	0.523972781	0.796200232	0.654387931	0.975427118	0.061051803	0.835691194	0.716760294	0.706914283	0.907643303	0.243064773	0.970104768	0.869164514	0.7325953	0.333361844	0.020459661	0.877647511	0.943865294	0.133058235	0.638067971	0.948893299	0.88802916	0.016579162	0.108617923	0.863302388	0.032656518	0.658571476	0.021276132	0.648236633	0.949901521
0.188472169	0.972337299	0.486587347	0.748368252	0.624181705	0.976887888	0.05344609	0.817951839	0.627198073	0.754826036	0.908495592	0.244832368	0.94752868	0.821337423	0.735687274	0.364423074	0.016331718	0.889573417	0.940946157	0.154799179	0.676648181	0.92679208	0.855011253	0.021779424	0.11725268	0.838983811	0.037903058	0.661232732	0.022179213	0.557017916	0.89919215
0.211749668	0.974986494	0.509149202	0.733897072	0.683148732	0.981675472	0.063098604	0.860490307	0.687737832	0.745650076	0.907350055	0.214458805	0.96110247	0.88035729	0.671942781	0.365651103	0.018852842	0.875615576	0.93103911	0.108097817	0.580420195	0.938732598	0.897825244	0.020563787	0.072155658	0.858053881	0.037082377	0.623977706	0.023725604	0.586173019	0.896090581
0.198080474	0.973075374	0.529726449	0.722822755	0.65730083	0.970091221	0.046052296	0.831492027	0.730438316	0.672421531	0.8945119	0.165086549	0.951186914	0.870134027	0.663373343	0.331947373	0.019179691	0.881969051	0.930677731	0.124999234	0.739111168	0.940862035	0.900578209	0.020723639	0.073827306	0.832893674	0.036923441	0.723291871	0.022556678	0.524539031	0.922512114
0.192685444	0.972458275	0.497762283	0.714930741	0.636844465	0.97833246	0.075899587	0.842845962	0.701702537	0.713860592	0.909213624	0.224518199	0.952989658	0.792367195	0.663836448	0.380205502	0.019789972	0.868186767	0.934483323	0.159196878	0.614053983	0.888690487	0.87393823	0.018711859	0.076715254	0.839578819	0.037500033	0.579479456	0.023615932	0.569882668	0.944710819
0.224507697	0.970188617	0.537119338	0.782724731	0.682111467	0.974500536	0.06060261	0.849589529	0.748781094	0.668353744	0.897419708	0.313142137	0.937321972	0.839634248	0.779792799	0.383665381	0.017984498	0.890830123	0.934134394	0.164818316	0.687875069	0.89955588	0.903315917	0.020214719	0.085670257	0.820113217	0.032511796	0.716686735	0.024790322	0.635012751	0.923443368
0.225815083	0.975052077	0.50289836	0.753443372	0.602988085	0.978155452	0.078070205	0.832566232	0.699392407	0.692534856	0.913598048	0.202730491	0.955466189	0.895279001	0.701331286	0.347930795	0.019193507	0.843239364	0.928986692	0.150046673	0.629838288	0.933172735	0.905990784	0.017740444	0.086342233	0.855215862	0.03367915	0.641095835	0.024680625	0.595326308	0.915468679
0.191503242	0.97239383	0.510577385	0.724073651	0.604548595	0.976390228	0.053114549	0.826950232	0.675463781	0.701633891	0.89997235	0.234210664	0.952745535	0.885851161	0.706232933	0.317883792	0.015128411	0.912530255	0.943941361	0.109824842	0.653538072	0.942204284	0.838421227	0.019079388	0.089162378	0.808890739	0.033599993	0.663068533	0.023959071	0.563611915	0.890657872
0.183397985	0.982237562	0.483196905	0.78472456	0.677785528	0.984861513	0.049485407	0.842090955	0.653318551	0.771480312	0.927218378	0.255927298	0.972231137	0.866810572	0.735118722	0.383960093	0.015509938	0.917445112	0.95946678	0.185709759	0.684289269	0.948426163	0.931429696	0.016015894	0.125837303	0.855778295	0.027801117	0.713728557	0.021139246	0.594689388	0.94600333
0.170178321	0.971672163	0.454259416	0.730884095	0.609395681	0.978916313	0.06029535	0.830831035	0.654391644	0.719885588	0.917954891	0.207705674	0.939450178	0.785156191	0.723881764	0.333364122	0.017303653	0.891610382	0.940267385	0.186051128	0.644047087	0.887498644	0.886281299	0.018229567	0.084645824	0.812957636	0.034322856	0.555144778	0.024911351	0.616619385	0.922255426
0.31588042	0.970077022	0.573027627	0.775319714	0.58926755	0.97404459	0.062028684	0.866339626	0.84199336	0.691223446	0.925573177	0.358300472	0.945799007	0.863706502	0.717537192	0.297580693	0.02041183	0.861010275	0.906224925	0.136672009	0.676550005	0.956591189	0.844435549	0.02198838	0.073858389	0.798977496	0.034917529	0.529184118	0.028255978	0.67090653	0.888203429
0.236581623	0.975698168	0.504315124	0.800274458	0.680885049	0.980502086	0.037108593	0.849628069	0.661429609	0.708328107	0.921628697	0.303950478	0.949767288	0.847761623	0.780621769	0.361846154	0.01601661	0.897006798	0.952558384	0.159914383	0.691622255	0.958579596	0.93005601	0.018648257	0.080859534	0.868104502	0.037206009	0.704981436	0.022812637	0.611816045	0.915026227
0.209301467	0.982238244	0.517742684	0.795874157	0.780027634	0.987072367	0.077785936	0.852775416	0.66794786	0.836778983	0.937201136	0.176467413	0.970627806	0.942175251	0.748116108	0.425836663	0.014468037	0.924592158	0.96761224	0.084404027	0.68535675	0.927665456	0.969033622	0.014903782	0.123320501	0.85964253	0.033801587	0.61826586	0.020432962	0.622460699	0.936140143
0.174666472	0.972098596	0.48473961	0.740160069	0.730875604	0.975116224	0.05922955	0.819729336	0.610649114	0.729244917	0.917884994	0.206324166	0.92962134	0.799656847	0.709437042	0.378859493	0.020508311	0.883261777	0.928223485	0.105679014	0.671720351	0.870170711	0.859913329	0.020154519	0.086783259	0.825256943	0.036982696	0.644787526	0.02891079	0.5836223	0.910831822
0.277789394	0.974472942	0.515378533	0.803335483	0.685627773	0.979846642	0.070822332	0.829238446	0.683323063	0.761469618	0.923653627	0.285065396	0.956132675	0.864031685	0.7717893	0.42571139	0.017495388	0.889518829	0.949539974	0.164091881	0.614054458	0.927606476	0.853764145	0.021962325	0.096923462	0.865470837	0.034136225	0.595903558	0.022824015	0.62634806	0.888804737
0.180928587	0.971382179	0.447384699	0.659456528	0.603435905	0.979311219	0.060008325	0.832617886	0.627773198	0.717632185	0.865985488	0.230333231	0.942634243	0.792324777	0.652421659	0.336829494	0.017184108	0.886242509	0.929242305	0.10785916	0.647530136	0.913071695	0.902867546	0.021102946	0.095201961	0.844577919	0.032157963	0.557299829	0.024612331	0.605342196	0.942762436
0.187705438	0.973632181	0.50582083	0.783492724	0.643258211	0.980140312	0.078907966	0.834125582	0.658365822	0.705488892	0.923865894	0.308908969	0.948391337	0.761522823	0.739308059	0.420226794	0.016979006	0.888547463	0.927891643	0.217036396	0.620565257	0.90617313	0.899914523	0.023119026	0.1069069	0.8486373	0.037747627	0.733670776	0.025515982	0.624922015	0.947850919
0.329720804	0.976373272	0.556077922	0.77416331	0.463491106	0.964413336	0.071012584	0.865941908	0.791588874	0.734452892	0.917845316	0.324318112	0.961406363	0.893806334	0.731629183	0.230561657	0.020153721	0.884116984	0.93972336	0.109952602	0.694777658	0.935431121	0.931976291	0.018164318	0.093796733	0.806832929	0.034678749	0.582617173	0.026367197	0.687626062	0.897481018
0.188967535	0.973824544	0.478697741	0.739588463	0.631984959	0.976076225	0.063398358	0.81600694	0.683654957	0.71803063	0.908899112	0.182577939	0.951553791	0.871335343	0.724151457	0.339404524	0.017839089	0.895526793	0.940342218	0.140372481	0.64612105	0.911051962	0.889344905	0.021181145	0.097839426	0.802022757	0.03492644	0.601934508	0.02359471	0.591590981	0.878922267
0.179222058	0.9769503	0.506074501	0.698849937	0.620935863	0.975126333	0.056284259	0.828464816	0.632676943	0.699799424	0.906343758	0.291372835	0.965576915	0.844364518	0.63033834	0.345375161	0.018269355	0.905142936	0.934274034	0.13016946	0.618634871	0.923167324	0.867032474	0.016515125	0.092697787	0.864794403	0.030339113	0.590221333	0.02291453	0.573132495	0.950776166
0.308609878	0.979193305	0.565781197	0.820183974	0.783701862	0.986861186	0.058300177	0.862035659	0.830584051	0.735528923	0.926985604	0.291348813	0.960771211	0.909722869	0.752874214	0.336676617	0.013853764	0.927021646	0.969243266	0.109505198	0.792161709	0.958485704	0.957074346	0.015765859	0.106232918	0.849846035	0.041034241	0.723690644	0.020858179	0.698982253	0.926442755
0.199738567	0.977038472	0.487964151	0.750204311	0.651192241	0.981191413	0.070679501	0.843894773	0.722624626	0.705290697	0.901759013	0.241016252	0.953559243	0.811938032	0.728869725	0.416454741	0.016680402	0.90776344	0.944595383	0.159173634	0.68633701	0.932066695	0.845138277	0.018658267	0.085286704	0.857703716	0.033544234	0.736809696	0.022613616	0.61140858	0.921577378
0.216969492	0.975436741	0.508692265	0.76288316	0.63065548	0.971068974	0.059961078	0.823681776	0.692241705	0.721059096	0.904647563	0.218063648	0.95829625	0.822640273	0.732169825	0.346383936	0.019834394	0.887030621	0.927978712	0.088673649	0.654198496	0.919300809	0.886576767	0.019685615	0.089129469	0.84676179	0.035721362	0.535089783	0.023539426	0.63553628	0.905628935
0.243138769	0.971579782	0.469083714	0.765121381	0.680291361	0.979111784	0.071512543	0.816415859	0.60622458	0.72923759	0.918577287	0.181136554	0.953579769	0.867838156	0.735680383	0.352503849	0.017588925	0.899989919	0.926441132	0.128564241	0.654755982	0.937312819	0.87652799	0.022844149	0.090158005	0.861350711	0.033243284	0.647286612	0.02616278	0.535711363	0.926160732
0.625823984	0.950711255	0.473319206	0.835854283	0.195062161	0.960989336	0.483890604	0.898759804	0.958937899	0.543886419	0.531271961	0.124331768	0.943385393	0.858083832	0.709762713	0.472420182	0.022932745	0.446990362	0.462670591	0.185258019	0.673211098	0.967441428	0.938695516	0.021267635	0.062143967	0.943504132	0.028388412	0.558622253	0.023730351	0.82966953	0.926990988
0.507054395	0.970118613	0.522951001	0.773864488	0.168783474	0.964825548	0.511439206	0.905091829	0.951557966	0.499233942	0.680030257	0.185471379	0.942805539	0.885211268	0.757122535	0.196552352	0.028080028	0.46901386	0.431367067	0.05309523	0.741311358	0.971000665	0.93364062	0.024630542	0.015748031	0.924502048	0.023416351	0.438328043	0.021475626	0.778595523	0.949398767
0.355263161	0.958072674	0.571845276	0.762706202	0.226096257	0.955161399	0.360569233	0.929955108	0.938696327	0.579200949	0.709807887	0.290720947	0.934175809	0.905871091	0.609394687	0.179912944	0.035580524	0.717126744	0.417009602	0.068932254	0.830120364	0.964529626	0.939042522	0.017380353	0.055421687	0.936420874	0.024869695	0.689035845	0.029654497	0.905338148	0.888261567
0.632749163	0.9596366	0.451147427	0.753126558	0.194910566	0.972217899	0.468723493	0.941791708	0.93504902	0.522955384	0.529976019	0.09679073	0.919722719	0.883404758	0.66066224	0.381273609	0.025663332	0.42892562	0.367416207	0.159948516	0.7314442	0.979433302	0.926804124	0.019131956	0.051559252	0.942531821	0.019081056	0.488268175	0.020576132	0.832194447	0.920542423
0.59325751	0.911115201	0.491406107	0.752630407	0.175374274	0.973453302	0.515885124	0.896550123	0.954442821	0.491309836	0.705396476	0.147546944	0.942700548	0.885384034	0.750411684	0.408047943	0.016101932	0.535220716	0.314863676	0.296290202	0.809739524	0.984535846	0.939759849	0.024445493	0.034762065	0.929655377	0.020575642	0.488183131	0.019891277	0.870384665	0.89731445
0.619973011	0.933473297	0.479565658	0.782121633	0.190546803	0.954463218	0.483245403	0.931675844	0.927974948	0.519650942	0.541533546	0.122193035	0.928777055	0.853502235	0.743673826	0.373372014	0.026016932	0.460656386	0.373229116	0.125066925	0.701350715	0.970148867	0.909036325	0.022279129	0.029446408	0.918302942	0.021964796	0.440723968	0.027439547	0.745614035	0.930193072
0.551367101	0.967239355	0.492103746	0.724444394	0.154428597	0.98571108	0.476693588	0.88332763	0.946234818	0.600920131	0.785347044	0.218496207	0.950503778	0.877901978	0.665332075	0.510410799	0.037153323	0.660096541	0.589787396	0.411732431	0.695768466	0.970618398	0.957860738	0.019949578	0.030318091	0.910374801	0.020579814	0.685955607	0.022215893	0.759813361	0.932809406
0.629866373	0.935215758	0.486666667	0.76216279	0.138515577	0.913848108	0.722564743	0.922856455	0.955424727	0.516316672	0.61747397	0.168320675	0.952841702	0.862735959	0.698591921	0.511346034	0.024593581	0.46627765	0.468868162	0.157815693	0.678123082	0.972023699	0.930822499	0.028216019	0.011744486	0.898551228	0.028579024	0.605218396	0.018193225	0.808309859	0.947046216
0.506184855	0.945471639	0.493901178	0.817216131	0.180399501	0.95679447	0.409975136	0.927462239	0.961764183	0.530530531	0.611981567	0.264143423	0.949667493	0.898085688	0.778630413	0.324324205	0.027656477	0.499257793	0.561411549	0.133134427	0.790568369	0.97504649	0.926067144	0.01952916	0.042274786	0.915212762	0.022519353	0.660582147	0.022508563	0.860592124	0.940817904
0.543549255	0.95468463	0.483591977	0.682568078	0.234125576	0.948191424	0.340188171	0.965029595	0.857980729	0.465052098	0.533910534	0.196603882	0.923931871	0.881833713	0.691708614	0.085449584	0.033333333	0.409008189	0.355991591	0.09656019	0.819745781	0.937054045	0.93404908	0.024554574	0.039238095	0.950801027	0.025351252	0.521481591	0.017046414	0.812428806	0.793791331
0.406122307	0.965068633	0.53384009	0.784088575	0.178688525	0.967784752	0.36578691	0.895500321	0.946124244	0.566712438	0.707892204	0.262695474	0.938230709	0.897358491	0.721672115	0.169983151	0.028605082	0.626556715	0.601506221	0.124482905	0.775845118	0.981316206	0.937804967	0.020831267	0.072124053	0.923154966	0.051079233	0.667367407	0.026187012	0.812591401	0.930976038
0.448180944	0.96218754	0.542048293	0.784356969	0.382192714	0.966824861	0.501121503	0.888745211	0.952632351	0.551176546	0.702364395	0.267052713	0.934937847	0.846041697	0.795055028	0.27532737	0.042636457	0.633598503	0.703210308	0.04744094	0.773287671	0.975411903	0.939653161	0.023927708	0.070839065	0.835530926	0.035430666	0.567670355	0.016489179	0.886750187	0.918491775
0.508680891	0.94073627	0.429401029	0.674050466	0.174591909	0.973782869	0.483950066	0.961923842	0.929479491	0.536462656	0.606508876	0.190648338	0.936838217	0.833442408	0.647286151	0.45559537	0.03429101	0.471563981	0.404051988	0.312042397	0.763499545	0.967006343	0.92054984	0.028056112	0.057574667	0.85931093	0.053271999	0.57051402	0.035720138	0.74429943	0.879328652
0.544689944	0.943497437	0.531383696	0.8113053	0.374402628	0.98233756	0.4156947	0.91095895	0.961890452	0.586555107	0.604379562	0.232227054	0.953547112	0.888922291	0.742080861	0.42504011	0.017408506	0.640372553	0.560240964	0.195455887	0.693388073	0.969414438	0.925863991	0.019738352	0.091774892	0.911686019	0.038096769	0.613369165	0.028620852	0.860805589	0.921194586
0.543462948	0.939935691	0.483309059	0.801175366	0.219880065	0.968616326	0.51963988	0.915850576	0.959075029	0.531977091	0.542787286	0.199957177	0.940761478	0.8913879	0.771072018	0.308695781	0.024131746	0.523743569	0.637575758	0.07953722	0.770589551	0.977027568	0.937729746	0.023443634	0.054246575	0.900996466	0.024893547	0.471639739	0.021603656	0.80052386	0.96298904
0.606926136	0.955706611	0.593903272	0.860576859	0.202250966	0.94909264	0.335866812	0.877334788	0.949362953	0.625501388	0.693676815	0.201127976	0.93135203	0.505484819	0.764409637	0.428889829	0.03482274	0.73397169	0.597765363	0.097189871	0.805220717	0.960092693	0.937971776	0.026830076	0.02025417	0.924331807	0.029092488	0.663724809	0.015677794	0.931552588	0.540462385
0.25489763	0.973397688	0.569019062	0.828150114	0.373975257	0.944522483	0.222379277	0.904892585	0.950640652	0.663291945	0.687044534	0.325364714	0.935529916	0.882554441	0.755204602	0.112172637	0.037214248	0.766983696	0.672519084	0.106080417	0.847390754	0.969685262	0.933482254	0.021064426	0.03347147	0.937600115	0.037660915	0.583462038	0.028016086	0.900690641	0.952971337
0.621508825	0.950716049	0.475543611	0.804511023	0.197295147	0.952582655	0.598708079	0.921824094	0.966415036	0.501775432	0.590976331	0.258504044	0.949555207	0.867810189	0.765191648	0.371816855	0.034393152	0.467442155	0.541715976	0.185287027	0.683349997	0.967611574	0.916898148	0.026943961	0.013690106	0.90584959	0.034278801	0.528714877	0.025183928	0.744769295	0.923557029
0.638931328	0.927921279	0.47878481	0.786518025	0.330333252	0.970399567	0.465616922	0.94326596	0.886892489	0.488571735	0.476420798	0.13195828	0.927575262	0.83900463	0.662083972	0.385754996	0.059881715	0.40982242	0.183183183	0.097356305	0.634260882	0.931862403	0.92375545	0.03120474	0.037037037	0.960546828	0.023058096	0.600006843	0.033539519	0.894651975	0.828229657
0.62204662	0.964033613	0.517851785	0.790043583	0.144277768	0.961043838	0.561473301	0.891486423	0.95923913	0.544289334	0.574476048	0.198218994	0.941084713	0.870800761	0.79339975	0.476992351	0.024453024	0.593927894	0.459193101	0.306007554	0.693938606	0.966281593	0.93905678	0.022737023	0.058242507	0.874601378	0.040160643	0.5788324	0.034430913	0.847556956	0.923612669
0.333331876	0.961695021	0.532438592	0.684590889	0.337535202	0.965781383	0.465881968	0.909766625	0.953885453	0.540116188	0.640876854	0.241406745	0.933780761	0.8580232	0.71216096	0.277693172	0.025770824	0.665240642	0.680235988	0.061902258	0.778406234	0.97359853	0.943204717	0.016903381	0.052159468	0.925336325	0.02948298	0.533387117	0.017943606	0.865140926	0.953118571
0.560764114	0.978269015	0.475982533	0.779996188	0.211526595	0.968778469	0.373265827	0.890243811	0.956516322	0.536206017	0.458720078	0.14687131	0.94434521	0.888821014	0.664316566	0.41321639	0.023442847	0.483330928	0.458388028	0.173276294	0.728836666	0.966260986	0.940228967	0.018038331	0.071993969	0.909745283	0.010250266	0.479692981	0.031059838	0.810396276	0.946362403
0.602993365	0.957512383	0.452946574	0.778279272	0.20314756	0.969644881	0.609076374	0.893563174	0.965321126	0.478086278	0.560822387	0.15866525	0.950603509	0.917993391	0.73572172	0.39110407	0.025079477	0.500620457	0.389674247	0.11347175	0.742067698	0.965524306	0.932497013	0.015390806	0.027276078	0.931060386	0.020876289	0.54453427	0.020162961	0.760721836	0.958664101
0.554058409	0.940331492	0.474680498	0.764120587	0.145167086	0.963689706	0.520459246	0.943810798	0.90614762	0.50706342	0.662745098	0.181415389	0.944349315	0.823270648	0.72350965	0.378776568	0.054600172	0.531961545	0.43192102	0.107168691	0.673894497	0.95808983	0.914759209	0.041547701	0.061554696	0.931032769	0.038411174	0.550896124	0.038002015	0.989953787	0.885629409
0.615169306	0.9414791	0.50835707	0.830242533	0.23588288	0.949980876	0.511952696	0.900139719	0.950037946	0.51754633	0.5754858	0.112037396	0.955546775	0.896080841	0.815962987	0.406921403	0.038858195	0.589473684	0.453537937	0.088154825	0.769093121	0.975342033	0.927846265	0.028024194	0.075991649	0.931595326	0.034139403	0.538904852	0.03150339	0.900735585	0.888424666
0.511862154	0.955569397	0.479673215	0.739395086	0.193669932	0.987816751	0.520828773	0.910751976	0.942857143	0.494926066	0.455592105	0.11353702	0.956402804	0.867483026	0.833592922	0.210997156	0.039757995	0.405951506	0.443563148	0.043078824	0.700663617	0.969379972	0.948773324	0.027548807	0.050942772	0.9583297	0.032207939	0.525002948	0.028846154	0.809401159	0.921475897
0.398057421	0.958632172	0.478703657	0.826407003	0.323457223	0.97492037	0.50579359	0.928675719	0.946677741	0.589043799	0.664756447	0.210541017	0.948823467	0.703977473	0.54934549	0.259056866	0.024586051	0.615702479	0.453233565	0.285256472	0.59705481	0.966777686	0.946472446	0.029052632	0.044202652	0.941797963	0.089321159	0.412910663	0.016616115	0.81401747	0.780865433
0.486301382	0.94180831	0.495439388	0.846737704	0.170607494	0.963429619	0.538896988	0.926166102	0.929200542	0.529468648	0.593659942	0.23354898	0.955260722	0.917191398	0.758619084	0.324252188	0.032516173	0.429607358	0.467229394	0.065926082	0.723353375	0.975342445	0.938374417	0.02403388	0.041221936	0.953847167	0.018908204	0.503542017	0.046740814	0.815302423	0.925740218
0.676444007	0.940050686	0.472159441	0.788268561	0.151305117	0.970127054	0.495008244	0.891640608	0.954186414	0.542015244	0.676213206	0.209777093	0.959098844	0.913347967	0.727913361	0.527912125	0.030160655	0.529247911	0.525104603	0.289379929	0.728289885	0.974931179	0.940568967	0.026670333	0.058479532	0.900312055	0.024660733	0.547265902	0.033612233	0.794983081	0.924844073
0.517629713	0.973123534	0.515449367	0.753420554	0.279480868	0.96768825	0.477949237	0.871485155	0.97471694	0.535584291	0.641767697	0.205345902	0.943024178	0.887870319	0.723837633	0.307262309	0.016217825	0.602559029	0.577857957	0.174619683	0.733944408	0.975738951	0.945175711	0.022042168	0.063902107	0.896770887	0.025985329	0.563417873	0.016011645	0.845911317	0.947747448
0.628052541	0.940124417	0.44003648	0.756830145	0.191436504	0.934807878	0.54079192	0.875055142	0.964005806	0.517165945	0.620826709	0.084490267	0.952773876	0.902673213	0.692216873	0.501682541	0.021636877	0.451117662	0.44815588	0.102800951	0.718460287	0.979715055	0.933121812	0.014128187	0.049215626	0.910165009	0.022925163	0.49663845	0.01810657	0.785558396	0.936638626
0.582547747	0.93072722	0.470215395	0.839214017	0.19924635	0.962451862	0.583085344	0.932167577	0.930710935	0.504691649	0.545343137	0.238229968	0.950083032	0.816053907	0.748135858	0.346494798	0.024223373	0.492473822	0.485877863	0.164947169	0.67981022	0.967128831	0.918854793	0.023962165	0.034683955	0.770692491	0.021868787	0.590510054	0.019797868	0.793481238	0.932454493
0.505947327	0.956626217	0.48217001	0.76569139	0.10356405	0.962572326	0.483963579	0.942133567	0.841654779	0.502598254	0.748419722	0.258511843	0.955068031	0.658016758	0.871762211	0.186511386	0.021752145	0.410555385	0.288688801	0.03168259	0.740027829	0.935856573	0.915706659	0.032906512	0.048573163	0.963631881	0.02122089	0.36775188	0.031938326	0.57472661	0.780611655
0.67866622	0.935036496	0.477549234	0.824263817	0.165601556	0.963023479	0.501503831	0.893092583	0.964285714	0.518915061	0.598566308	0.142321946	0.957566793	0.885602391	0.701361118	0.472496674	0.020842135	0.476155894	0.531227306	0.235997984	0.690965663	0.973588673	0.93710653	0.017762926	0.060372771	0.926318379	0.025162028	0.542025494	0.029857992	0.676997061	0.92532246
0.566157012	0.925278768	0.499629355	0.691582012	0.251796314	0.939346497	0.464058547	0.937268962	0.928735632	0.536343678	0.63546798	0.117196149	0.94878348	0.83349975	0.566064385	0.372031535	0.024731769	0.57981982	0.448598131	0.161545662	0.761727295	0.966654047	0.938885158	0.016145619	0.025510204	0.934226742	0.029102248	0.672102884	0.025964607	0.84076285	0.921041374
0.667751523	0.964718853	0.516048395	0.790164869	0.295124407	0.969351746	0.527405703	0.894490796	0.959606697	0.54526933	0.590715503	0.180537698	0.959792345	0.861762771	0.723301759	0.388166876	0.028840222	0.526054591	0.413610655	0.202884215	0.685407569	0.970606637	0.945119242	0.025236265	0.055332303	0.921629479	0.026446751	0.538977088	0.023988207	0.817202863	0.936056675
0.349345933	0.964052288	0.572952068	0.820477919	0.206385232	0.970480901	0.25878705	0.943382065	0.94236417	0.558819906	0.68605466	0.279919502	0.927398721	0.852253648	0.784608308	0.206962134	0.022899282	0.700696561	0.546363132	0.038142406	0.789757817	0.971921296	0.942447317	0.01917435	0.04305741	0.938709571	0.032959227	0.613972365	0.02635105	0.891398288	0.948348765
0.303593573	0.963016287	0.56491793	0.788968502	0.224274767	0.971227174	0.326960753	0.91653548	0.946921444	0.597335232	0.763111111	0.293840293	0.954562594	0.909882848	0.768954039	0.194730391	0.030499368	0.693170571	0.664513351	0.042860663	0.813514511	0.978591665	0.890154374	0.021720757	0.054732386	0.93867376	0.02746505	0.57037254	0.027711256	0.88522033	0.932660098
0.57538194	0.91261814	0.505016352	0.761018873	0.237343657	0.973359015	0.399599223	0.940700647	0.904909028	0.557611386	0.568510638	0.251078024	0.931305716	0.851743412	0.677006529	0.431703921	0.018968788	0.596174745	0.434758155	0.171163483	0.61494533	0.963948278	0.906976744	0.030890298	0.035487111	0.910540292	0.049399944	0.549089072	0.032676519	0.70234036	0.823598145
0.665334567	0.938428648	0.44513985	0.77632713	0.170007008	0.968602972	0.60253845	0.870557511	0.966532983	0.529035695	0.603007038	0.211533958	0.933850508	0.893971136	0.737693942	0.488295353	0.021394741	0.489361702	0.37696567	0.302846154	0.746098361	0.967765738	0.947542833	0.023296132	0.022533023	0.932807309	0.033178114	0.520684011	0.035095579	0.728769221	0.918006386
0.454726012	0.957485618	0.534782609	0.762241975	0.338882283	0.96048071	0.450987172	0.850583353	0.964659487	0.51440165	0.552529183	0.255337022	0.944151486	0.805462653	0.744663591	0.252761376	0.020503101	0.670426065	0.64048474	0.098688664	0.740151682	0.96307357	0.948131267	0.022449459	0.050664452	0.894739201	0.01423375	0.463552479	0.02692722	0.82093598	0.937389211
0.690696732	0.928856587	0.497222647	0.708361905	0.258646824	0.965526048	0.577849498	0.897784785	0.968303632	0.530478589	0.658875339	0.192941627	0.9349883	0.891010342	0.608894038	0.443213337	0.015984296	0.491137275	0.473380372	0.32089736	0.667931689	0.97799227	0.93696319	0.024994771	0.046549479	0.92892309	0.028847541	0.445273088	0.021912052	0.752256186	0.908762945
0.393194524	0.956813693	0.637155705	0.645803388	0.453216895	0.955082152	0.160465056	0.846442864	0.910594315	0.820902689	0.358617594	0.136442391	0.873512632	0.882459641	0.609922783	0.169522541	0.042966329	0.844731978	0.82477737	0.112634609	0.784220763	0.932379535	0.931348362	0.040752758	0.08739327	0.730263006	0.058522312	0.741634727	0.048521739	0.855378042	0.83256315
0.476349381	0.967809365	0.680233123	0.690326096	0.559851037	0.971180164	0.181107069	0.864221581	0.930168082	0.839837498	0.233333333	0.171156023	0.908930008	0.904004491	0.665959426	0.156040095	0.036043416	0.836057575	0.875342049	0.174685922	0.850866777	0.949042453	0.948377318	0.038107203	0.096668487	0.831228137	0.045985677	0.740147614	0.039859694	0.847112588	0.918123356
0.51371421	0.96206721	0.672563241	0.730051996	0.590728477	0.951065188	0.163609972	0.867346137	0.924343199	0.792239929	0.394287488	0.213695494	0.854619787	0.870008496	0.720156861	0.162867998	0.044806145	0.795495768	0.876742081	0.133006168	0.852826889	0.941049648	0.929719687	0.031389056	0.102385108	0.847208698	0.059450039	0.739043338	0.042646343	0.896301252	0.797194887
0.397591425	0.933784928	0.655210238	0.703237281	0.599595324	0.948352218	0.160940766	0.837698754	0.930423222	0.785335555	0.464240903	0.209712527	0.849422442	0.851505017	0.682271904	0.167621217	0.041437189	0.823808196	0.849213988	0.222525345	0.844184576	0.942101348	0.944671452	0.038147593	0.103061987	0.809224861	0.078820239	0.745322643	0.041380789	0.883044889	0.792422856
0.449351751	0.967039185	0.706923477	0.768982851	0.432686768	0.958160398	0.150751438	0.836094675	0.93054792	0.835107799	0.314268868	0.134273492	0.917225201	0.896972005	0.74634458	0.130021791	0.037125749	0.853616813	0.869016153	0.205305912	0.834274711	0.93746598	0.933588412	0.037638074	0.091022444	0.831115893	0.055058106	0.815773513	0.037851038	0.919020501	0.817926646
0.457339662	0.944245321	0.666724467	0.691307063	0.547292546	0.943532198	0.208558028	0.85778256	0.92852186	0.767653496	0.341129903	0.185330658	0.849888393	0.866022305	0.689340769	0.217542616	0.046595629	0.837001119	0.839400922	0.256772996	0.813845376	0.933258567	0.927351916	0.042962198	0.109575989	0.860222251	0.07543991	0.7984227	0.0580222	0.84036321	0.75895573
0.443598296	0.953798768	0.627065868	0.702976025	0.544507576	0.952894317	0.183824191	0.813802781	0.887279387	0.783396458	0.394855753	0.152443098	0.853755482	0.883090425	0.668251311	0.195866328	0.052139946	0.813569207	0.834446468	0.195604812	0.764694357	0.870873077	0.923599602	0.041810919	0.112046058	0.830153802	0.067706487	0.771592332	0.052935088	0.867770889	0.845225065
0.501688918	0.950949367	0.680626518	0.718178251	0.57496136	0.949519432	0.158215901	0.836127703	0.935856993	0.802947154	0.481463878	0.179407078	0.853169014	0.893812312	0.777598629	0.164130547	0.050955414	0.810810811	0.838238548	0.206953469	0.8412435	0.913591306	0.93209575	0.04750451	0.113995485	0.830279465	0.069397495	0.78381639	0.049254816	0.87458493	0.810771139
0.561039139	0.948721179	0.68713837	0.719507255	0.52709848	0.958981458	0.199555332	0.867564795	0.926833306	0.774287801	0.400446595	0.148753749	0.807679576	0.863118399	0.794720248	0.23058299	0.04087346	0.782905698	0.864781584	0.150606409	0.827188317	0.932558464	0.942577592	0.036183395	0.130044843	0.833622899	0.057066885	0.752685842	0.044655172	0.872174919	0.882138048
0.422138115	0.957468702	0.645865491	0.720128844	0.437671233	0.93774746	0.160087264	0.830575733	0.907184293	0.791609874	0.272077922	0.135389633	0.843678965	0.851851852	0.735711146	0.14357923	0.036074672	0.800065985	0.779567613	0.15596143	0.807990216	0.911730066	0.92130034	0.034297644	0.083286119	0.837485407	0.061337934	0.729424471	0.041730183	0.856992529	0.900379082
0.575885066	0.953882852	0.709385993	0.753804119	0.547501126	0.967221455	0.216798066	0.853153831	0.910848734	0.812157264	0.438669439	0.191281851	0.83626943	0.881569627	0.754841686	0.170391833	0.0449521	0.828295255	0.872219891	0.233259175	0.755292125	0.932022325	0.937337719	0.036312492	0.110679612	0.73278855	0.068255106	0.813657173	0.04316888	0.908634631	0.830927612
0.449177739	0.958235884	0.628610108	0.694963656	0.585279399	0.960805253	0.148269966	0.864569878	0.841832772	0.805864827	0.397701149	0.123142141	0.883625313	0.896492361	0.694599402	0.130455045	0.039015905	0.85112606	0.824037185	0.179136612	0.771001782	0.915230889	0.929554915	0.03388726	0.100189036	0.864479418	0.053597497	0.713714376	0.051465935	0.920702179	0.779463664
0.481147425	0.957193516	0.666311585	0.733372918	0.489145713	0.961109627	0.140609711	0.830219437	0.882840772	0.781870596	0.411089109	0.150638587	0.887078652	0.881486332	0.762678009	0.167419901	0.053558052	0.829581994	0.859136213	0.132716716	0.828262201	0.944816391	0.929985856	0.03714974	0.1255108	0.77649074	0.061527944	0.748418573	0.055865033	0.860606061	0.765188159
0.457121186	0.969382176	0.655423113	0.783219505	0.613071536	0.958147867	0.151123801	0.843037978	0.952961909	0.835756011	0.485244677	0.18184428	0.905973171	0.904486692	0.778111074	0.217063467	0.042027194	0.846398128	0.884262526	0.23200787	0.847525147	0.930342277	0.93571199	0.037200429	0.115342764	0.761329609	0.058042213	0.710083681	0.046310433	0.875302078	0.757565002
0.394311378	0.960302951	0.691126122	0.735712917	0.521200489	0.935878761	0.118379014	0.844745904	0.933344415	0.777962875	0.411111111	0.147462116	0.850483318	0.884448724	0.734655144	0.153488814	0.050746269	0.823186659	0.834797462	0.16535613	0.789739092	0.932536035	0.943549699	0.041372476	0.109181141	0.829351657	0.065141812	0.721875062	0.046372819	0.853185596	0.820989926
0.500937898	0.957538462	0.605945203	0.742066873	0.465314471	0.956696805	0.160883748	0.837679406	0.929860088	0.783574879	0.300847458	0.164005282	0.841592618	0.877223178	0.781982288	0.211903433	0.04130809	0.810436845	0.835270339	0.133781468	0.795898789	0.918467226	0.919988691	0.050188206	0.130467572	0.834034872	0.065059727	0.703579259	0.043923577	0.785345021	0.828105732
0.457422984	0.944851904	0.676373324	0.668078977	0.517696461	0.94556627	0.17055435	0.822979287	0.860780669	0.786321916	0.283393502	0.120118752	0.863622195	0.882372939	0.639476247	0.166278725	0.045862607	0.820722993	0.83912037	0.241746511	0.846977052	0.897709386	0.924676409	0.043162767	0.113649343	0.763502768	0.059841384	0.715546579	0.046449378	0.876494825	0.862260437
0.447399774	0.956110904	0.667394224	0.722949542	0.696489593	0.947724976	0.20107539	0.812537327	0.92980338	0.76883695	0.252268603	0.132932275	0.86277353	0.901419082	0.720281846	0.164180992	0.051677244	0.843698404	0.838432122	0.217876839	0.83172093	0.934184561	0.938357324	0.040684115	0.101788171	0.787002493	0.073338284	0.779615024	0.054408705	0.878118183	0.841037062
0.462743395	0.958635509	0.689362818	0.766303662	0.49405079	0.971278453	0.163429407	0.846433475	0.906535232	0.812906846	0.324634656	0.145196647	0.902533784	0.914538645	0.766039001	0.140267819	0.041256989	0.813806206	0.877381939	0.114771471	0.79322318	0.942369937	0.947354927	0.040752351	0.096826251	0.854138794	0.056013812	0.770547577	0.038805493	0.902892562	0.840952179
0.50644927	0.959074733	0.642221323	0.740976428	0.603998384	0.939366684	0.146232836	0.858548853	0.897794407	0.778374656	0.379348426	0.148766296	0.823437194	0.857090909	0.761774142	0.133406213	0.038653071	0.831181486	0.833055556	0.141561445	0.81783706	0.930263388	0.937190083	0.04204565	0.096486336	0.811745733	0.073181517	0.754492401	0.042267628	0.879450938	0.826507507
0.396317696	0.946864686	0.70721303	0.715257332	0.583072713	0.940252463	0.157485983	0.858815511	0.93868645	0.790069513	0.586781964	0.303517674	0.828499124	0.862872507	0.677035665	0.15299835	0.047223812	0.836209335	0.832170156	0.228611386	0.907533189	0.942693859	0.92209232	0.041653763	0.130798479	0.84922636	0.069788183	0.711559294	0.054704595	0.879314536	0.788391337
0.444098617	0.96126176	0.686351586	0.712042192	0.45452918	0.951247312	0.177279256	0.844194039	0.924181697	0.800989988	0.417215815	0.248225996	0.809104755	0.872842439	0.759730834	0.173359831	0.043038922	0.8143898	0.834170854	0.333327762	0.804917678	0.92998775	0.929110929	0.03297546	0.120508568	0.857835375	0.065641496	0.752823407	0.04338735	0.848589454	0.856786347
0.509007772	0.947736626	0.664122137	0.710782534	0.469207268	0.939752646	0.20448044	0.825756246	0.926763868	0.751567302	0.404235727	0.238035188	0.864358083	0.860448558	0.660095375	0.13989282	0.042115972	0.801916221	0.815423163	0.212845093	0.779026217	0.924782597	0.908865309	0.037643208	0.085729221	0.809041585	0.068714489	0.608149746	0.04508913	0.806811451	0.766090273
0.457938367	0.950301205	0.675546518	0.753112757	0.561241897	0.937997484	0.171137014	0.843501422	0.935632608	0.819267188	0.274793388	0.16483697	0.868156425	0.895473251	0.77656015	0.131447619	0.039051919	0.802275601	0.822910745	0.266603966	0.869942197	0.942642141	0.928908129	0.046928328	0.098117513	0.843349257	0.055630936	0.769499622	0.056167401	0.852413019	0.812956324
0.50823875	0.953994353	0.650615189	0.72477791	0.555118847	0.961292116	0.198524754	0.854941327	0.879409171	0.787967068	0.452317528	0.166212978	0.868743048	0.881702287	0.70320877	0.198880172	0.042210102	0.807183836	0.852526926	0.209472704	0.784450898	0.933017729	0.939769515	0.043801793	0.107287449	0.85768538	0.059574468	0.680694471	0.054210414	0.869503546	0.83496489
0.475937118	0.954279386	0.64	0.750008763	0.515604312	0.950109782	0.159628276	0.846753844	0.911770372	0.789177793	0.442249893	0.224351121	0.8880029	0.8699948	0.764205577	0.191783725	0.04004215	0.809411765	0.854797688	0.296330516	0.821372328	0.933687341	0.924730137	0.042625369	0.099944782	0.816022255	0.082320324	0.746129935	0.050418569	0.860534836	0.78374333
0.455426356	0.958896151	0.676508761	0.728857924	0.535453289	0.961160787	0.170330652	0.843089236	0.926551373	0.791288798	0.332278481	0.1678434	0.874019775	0.880014013	0.760467706	0.150984418	0.048463868	0.846483705	0.846482356	0.231972857	0.842724155	0.916646635	0.927517448	0.039095907	0.105166052	0.798558899	0.069582077	0.753819913	0.038252427	0.8824923	0.727647911
0.399499641	0.95520987	0.663479053	0.716430117	0.468249685	0.951793007	0.213562964	0.81488077	0.938239388	0.813492537	0.311706629	0.201131948	0.8517838	0.868647645	0.755937221	0.198710899	0.04443128	0.809692451	0.86244688	0.151206892	0.816031537	0.921928222	0.927843966	0.042206041	0.09148265	0.8236339	0.063403353	0.752159527	0.048463789	0.873095913	0.811682634
0.394161334	0.953056449	0.681197479	0.730057231	0.481754658	0.933797182	0.144884826	0.840724499	0.916220352	0.776260385	0.36069869	0.142308669	0.850768322	0.871701847	0.741752932	0.154194276	0.042661448	0.825016487	0.795003863	0.124777254	0.78913453	0.942472207	0.925431426	0.049550855	0.07370892	0.837165844	0.072955739	0.775609271	0.045552427	0.830949159	0.907014501
0.517110551	0.958060288	0.673616932	0.746283529	0.524302656	0.957275036	0.149754348	0.839429567	0.901659247	0.780376207	0.376111111	0.155046849	0.852765465	0.89391635	0.771746232	0.185318068	0.045886443	0.799570508	0.841106291	0.234616627	0.832102082	0.924556102	0.935876884	0.041404865	0.08218232	0.779905103	0.061477326	0.720159805	0.044828942	0.862454354	0.806168294
0.508249977	0.959108315	0.668156934	0.753960497	0.616051719	0.947825196	0.149443408	0.832694723	0.925218251	0.832669763	0.372736954	0.137050329	0.848848849	0.880697051	0.747565841	0.178131533	0.050938873	0.846487097	0.848346162	0.101729935	0.832401634	0.871001759	0.927403235	0.044061862	0.117336152	0.784747642	0.080958282	0.790491936	0.056239957	0.885774429	0.763989591
0.502166539	0.956833435	0.689602778	0.725467633	0.490687811	0.94722189	0.188105888	0.866994843	0.915061633	0.798312116	0.448739496	0.223537196	0.866373542	0.871877979	0.702321796	0.173955972	0.045231729	0.836033857	0.854177614	0.270353551	0.835060575	0.938284102	0.928903936	0.042537087	0.126973233	0.787779716	0.073500545	0.740856081	0.051144756	0.912945025	0.77070311
0.577361297	0.959746794	0.653670162	0.72753175	0.523053538	0.960816262	0.158292452	0.875310769	0.908575746	0.795632416	0.403449928	0.207784086	0.806658359	0.861057069	0.748741838	0.13370504	0.044435468	0.815653734	0.825703794	0.241945204	0.849830548	0.931477483	0.912895511	0.035982602	0.123697917	0.810706324	0.077868852	0.695243829	0.045281772	0.878626473	0.844390326
0.453031683	0.957041949	0.690514905	0.735251322	0.578939828	0.965024262	0.172978077	0.877129473	0.923879381	0.808952926	0.32622687	0.148504663	0.881662592	0.893801133	0.774756944	0.179180493	0.050068186	0.840593866	0.820872274	0.237576189	0.824650572	0.935874522	0.93498829	0.040578427	0.105780347	0.847580963	0.068041635	0.770089608	0.051736357	0.881537286	0.845108452
0.485107658	0.945080092	0.662766055	0.726512848	0.445473753	0.954312818	0.169158515	0.850951304	0.937264151	0.799939421	0.426421405	0.158173818	0.84382221	0.879	0.704484069	0.199303749	0.046862266	0.836015326	0.841206476	0.187899591	0.864397066	0.938336055	0.924047396	0.043409421	0.103808354	0.745422486	0.064556962	0.70668933	0.055465192	0.856751394	0.806989838
0.431762319	0.968858131	0.673593138	0.762938352	0.553536779	0.970944184	0.129962275	0.855984822	0.954156091	0.857073361	0.367156863	0.179136077	0.870852912	0.92125535	0.783053806	0.15843543	0.044722719	0.8683858	0.884279476	0.120291675	0.841714685	0.960256305	0.963399136	0.039221179	0.187105816	0.841735496	0.047035176	0.73088146	0.049990911	0.846146322	0.825057064
0.458804035	0.949152542	0.655208442	0.719983268	0.495229523	0.943153473	0.178378398	0.882719697	0.930009775	0.731337325	0.502606882	0.265492243	0.876581135	0.828823412	0.664815979	0.140140383	0.051089588	0.813855843	0.818382556	0.212454417	0.842442833	0.951209803	0.925146199	0.043888556	0.106551952	0.861561939	0.070258621	0.620926182	0.04371269	0.868685701	0.760893172
0.478543197	0.968666573	0.661108445	0.756476045	0.600551978	0.966838624	0.190435894	0.848637559	0.811093248	0.780012096	0.403879064	0.231699843	0.902372419	0.905141037	0.740180445	0.185585643	0.037178508	0.836707512	0.845800525	0.151097656	0.841463415	0.942299025	0.931582453	0.038357721	0.097857143	0.861455522	0.058409721	0.71114796	0.044299065	0.8610115	0.854926314
0.429868129	0.953726657	0.682475694	0.647580308	0.521486124	0.950263911	0.152673902	0.866704385	0.924647177	0.776839195	0.356672651	0.191649308	0.87536292	0.870397957	0.605990235	0.129246457	0.04566842	0.829805492	0.842211733	0.2265129	0.811216756	0.931815363	0.934459689	0.044631307	0.118964311	0.78398413	0.080586081	0.728176255	0.054190296	0.841986155	0.817330666
0.470667752	0.951713396	0.683998256	0.790522294	0.527568425	0.96174987	0.130849627	0.875071435	0.918666931	0.815618833	0.40330033	0.131431149	0.823808654	0.879190386	0.780639405	0.160038262	0.044	0.813146853	0.843080857	0.168723278	0.820625611	0.936601846	0.935109966	0.043322912	0.108145106	0.867736954	0.051132821	0.759972261	0.047299885	0.906642066	0.841241608
0.498091941	0.951133144	0.699755419	0.778057613	0.599035481	0.949593086	0.195051171	0.860834621	0.945448228	0.795848091	0.432118542	0.10395458	0.864997373	0.879254695	0.780398808	0.164406291	0.04881859	0.840565482	0.852689487	0.147743575	0.904959067	0.945721988	0.938063789	0.033079486	0.154656319	0.643339171	0.07084829	0.74645767	0.042100284	0.869102921	0.685399676
0.62	0.64	0.44	0.64	0.46	0.5	0.28	0.81	0.96	0.78	0.42	0.27	0.91	0.8	0.61	0.59	0.03	0.88	0.82	0.4	0.75	0.9	0.93	0.03	0.09	0.79	0.04	0.61	0.03	0.84	0.54
0.65	0.79	0.42	0.56	0.52	0.53	0.29	0.84	0.95	0.65	0.47	0.2	0.88	0.78	0.57	0.55	0.04	0.87	0.82	0.56	0.77	0.92	0.93	0.03	0.07	0.82	0.04	0.73	0.04	0.92	0.56
0.36	0.96	0.54	0.76	0.14	0.87	0.57	0.77	0.96	0.85	0.32	0.26	0.93	0.4	0.73	0.57	0.02	0.93	0.91	0.34	0.85	0.92	0.95	0.04	0.11	0.8	0.05	0.65	0.04	0.66	0.49
0.68	0.84	0.5	0.69	0.67	0.59	0.25	0.83	0.95	0.78	0.54	0.24	0.93	0.84	0.6	0.56	0.03	0.88	0.84	0.65	0.86	0.9	0.92	0.03	0.08	0.82	0.03	0.68	0.03	0.92	0.48
0.57	0.76	0.54	0.7	0.5	0.81	0.24	0.82	0.96	0.73	0.5	0.32	0.91	0.81	0.66	0.45	0.03	0.89	0.87	0.58	0.85	0.91	0.94	0.04	0.09	0.82	0.06	0.6	0.03	0.9	0.67
0.46	0.84	0.57	0.64	0.45	0.75	0.22	0.75	0.95	0.76	0.61	0.35	0.87	0.79	0.59	0.3	0.03	0.84	0.83	0.45	0.84	0.88	0.92	0.03	0.09	0.76	0.16	0.45	0.04	0.88	0.6
0.5	0.7	0.48	0.66	0.47	0.87	0.3	0.76	0.95	0.72	0.42	0.35	0.89	0.83	0.67	0.47	0.03	0.83	0.85	0.46	0.81	0.9	0.93	0.04	0.07	0.75	0.04	0.43	0.04	0.75	0.76
0.51	0.77	0.5	0.56	0.46	0.7	0.24	0.75	0.95	0.7	0.33	0.36	0.88	0.82	0.53	0.48	0.03	0.83	0.84	0.5	0.79	0.91	0.92	0.03	0.05	0.76	0.05	0.44	0.03	0.78	0.66
0.53	0.88	0.55	0.66	0.5	0.8	0.25	0.8	0.96	0.81	0.52	0.33	0.91	0.87	0.61	0.43	0.03	0.86	0.87	0.49	0.85	0.9	0.93	0.03	0.08	0.8	0.05	0.64	0.03	0.89	0.77
0.47	0.9	0.72	0.75	0.51	0.86	0.23	0.77	0.95	0.79	0.8	0.4	0.89	0.85	0.61	0.25	0.03	0.86	0.88	0.35	0.89	0.89	0.91	0.04	0.08	0.75	0.06	0.46	0.04	0.92	0.6
0.59	0.75	0.49	0.57	0.51	0.65	0.29	0.79	0.94	0.78	0.48	0.3	0.9	0.81	0.51	0.51	0.03	0.83	0.79	0.53	0.8	0.88	0.92	0.03	0.09	0.79	0.05	0.61	0.03	0.85	0.65
0.58	0.79	0.49	0.64	0.59	0.62	0.25	0.82	0.94	0.81	0.51	0.26	0.91	0.82	0.57	0.5	0.03	0.86	0.8	0.58	0.79	0.91	0.93	0.03	0.11	0.81	0.05	0.61	0.04	0.88	0.62
0.56	0.75	0.48	0.67	0.52	0.89	0.31	0.81	0.96	0.73	0.37	0.42	0.89	0.69	0.65	0.52	0.03	0.8	0.85	0.55	0.82	0.92	0.95	0.03	0.09	0.82	0.05	0.56	0.03	0.82	0.74
0.66	0.81	0.49	0.74	0.58	0.67	0.25	0.83	0.96	0.71	0.52	0.28	0.92	0.77	0.7	0.57	0.03	0.85	0.83	0.61	0.8	0.92	0.93	0.03	0.11	0.82	0.05	0.63	0.04	0.87	0.61
0.6	0.71	0.55	0.65	0.48	0.68	0.23	0.78	0.95	0.77	0.66	0.33	0.91	0.83	0.56	0.44	0.03	0.86	0.87	0.52	0.83	0.89	0.93	0.03	0.08	0.8	0.05	0.58	0.03	0.86	0.52
0.57	0.68	0.52	0.73	0.47	0.8	0.25	0.81	0.96	0.71	0.36	0.39	0.93	0.86	0.71	0.59	0.03	0.87	0.9	0.65	0.83	0.91	0.94	0.03	0.1	0.82	0.06	0.56	0.03	0.85	0.68
0.48	0.72	0.47	0.64	0.5	0.81	0.37	0.82	0.95	0.74	0.37	0.36	0.85	0.63	0.55	0.48	0.03	0.85	0.83	0.39	0.64	0.92	0.92	0.03	0.09	0.82	0.04	0.47	0.04	0.7	0.7
0.62	0.82	0.48	0.62	0.48	0.58	0.21	0.78	0.94	0.77	0.41	0.25	0.9	0.84	0.61	0.56	0.03	0.9	0.83	0.57	0.8	0.92	0.91	0.03	0.07	0.81	0.05	0.59	0.03	0.89	0.58
0.57	0.69	0.48	0.64	0.53	0.73	0.28	0.81	0.94	0.77	0.41	0.41	0.9	0.84	0.67	0.56	0.02	0.85	0.83	0.45	0.83	0.92	0.93	0.03	0.07	0.81	0.05	0.53	0.03	0.79	0.67
0.55	0.84	0.51	0.68	0.61	0.66	0.27	0.8	0.95	0.65	0.62	0.29	0.89	0.84	0.61	0.45	0.03	0.85	0.84	0.47	0.85	0.9	0.94	0.04	0.07	0.79	0.05	0.67	0.04	0.88	0.66
0.57	0.8	0.52	0.69	0.59	0.68	0.22	0.81	0.95	0.74	0.48	0.37	0.92	0.86	0.61	0.51	0.03	0.85	0.82	0.59	0.82	0.91	0.93	0.03	0.07	0.77	0.04	0.55	0.04	0.87	0.64
0.56	0.67	0.48	0.57	0.42	0.63	0.23	0.81	0.95	0.72	0.43	0.24	0.89	0.77	0.53	0.33	0.03	0.83	0.81	0.42	0.87	0.89	0.93	0.04	0.1	0.8	0.05	0.5	0.04	0.91	0.57
0.63	0.76	0.48	0.68	0.59	0.7	0.28	0.81	0.95	0.76	0.45	0.31	0.91	0.84	0.66	0.49	0.03	0.83	0.84	0.56	0.79	0.92	0.93	0.04	0.07	0.83	0.04	0.55	0.04	0.79	0.71
0.35	0.75	0.54	0.71	0.35	0.91	0.37	0.8	0.96	0.75	0.65	0.41	0.92	0.72	0.64	0.29	0.03	0.83	0.79	0.16	0.81	0.92	0.93	0.03	0.07	0.81	0.04	0.59	0.03	0.75	0.88
0.53	0.79	0.5	0.6	0.49	0.62	0.26	0.8	0.95	0.7	0.49	0.33	0.89	0.79	0.58	0.45	0.02	0.87	0.84	0.48	0.8	0.88	0.92	0.04	0.06	0.79	0.05	0.53	0.05	0.77	0.64
0.64	0.79	0.52	0.65	0.59	0.59	0.25	0.79	0.96	0.78	0.43	0.28	0.88	0.85	0.54	0.56	0.04	0.88	0.88	0.64	0.81	0.89	0.94	0.03	0.08	0.8	0.04	0.65	0.04	0.87	0.65
0.56	0.76	0.52	0.65	0.43	0.87	0.28	0.84	0.95	0.75	0.39	0.38	0.92	0.86	0.61	0.45	0.03	0.82	0.81	0.54	0.78	0.92	0.93	0.03	0.07	0.84	0.06	0.55	0.03	0.79	0.86
0.34	0.91	0.56	0.75	0.42	0.87	0.26	0.82	0.95	0.78	0.77	0.37	0.93	0.87	0.68	0.27	0.03	0.85	0.86	0.34	0.86	0.93	0.94	0.03	0.06	0.82	0.05	0.6	0.04	0.89	0.9
0.58	0.77	0.53	0.65	0.51	0.69	0.29	0.8	0.95	0.74	0.47	0.41	0.91	0.82	0.63	0.43	0.03	0.85	0.8	0.42	0.81	0.91	0.92	0.03	0.07	0.83	0.05	0.59	0.03	0.85	0.64
0.332540578	0.972058624	0.583484445	0.622870929	0.519266863	0.86231402	0.099333709	0.792200295	0.969312425	0.477122193	0.777718261	0.316690784	0.747817629	0.556017507	0.485679358	0.096649979	0.01692764	0.934725932	0.887846539	0.119038806	0.614881685	0.653719177	0.972126501	0.014134119	0.046935279	0.738832198	0.018638515	0.503993233	0.018195513	0.6815429	0.51368438
0.371829684	0.940764611	0.564540585	0.624503701	0.393978684	0.913173398	0.208573081	0.810309795	0.943308798	0.71376072	0.495854608	0.325434706	0.758587473	0.918440363	0.597130682	0.130119772	0.017537883	0.922469193	0.86294722	0.099431477	0.824551981	0.92704014	0.929193293	0.029575435	0.074387943	0.769488331	0.022552751	0.69508646	0.01708514	0.787501191	0.834284795
0.467358415	0.979510577	0.594684644	0.615618933	0.469161966	0.908068792	0.068462729	0.781231996	0.975385593	0.826335517	0.399489631	0.249229233	0.663922318	0.9242893	0.514827838	0.153571594	0.015540322	0.949704246	0.928207838	0.133804007	0.778807122	0.916579882	0.970632996	0.013823338	0.05654168	0.823308254	0.01957876	0.692313595	0.015235415	0.7944373	0.781137528
0.441010336	0.976308974	0.539254826	0.625167698	0.500260584	0.936112844	0.124556418	0.850517877	0.968935076	0.653324332	0.465118917	0.246550475	0.659757665	0.90874991	0.50871268	0.154177095	0.019937834	0.908452332	0.90148558	0.081086704	0.724743156	0.932739282	0.967785538	0.016150684	0.056833464	0.845464428	0.02103432	0.736522027	0.021790313	0.755489603	0.831377594
0.432237437	0.974283848	0.558233231	0.619312778	0.458397447	0.899289891	0.091035063	0.8347535	0.970319426	0.745517326	0.554597258	0.251483478	0.667739156	0.846671177	0.485657327	0.12921217	0.017885739	0.917370972	0.913833129	0.118846828	0.725751342	0.937794559	0.951841126	0.019991315	0.054728987	0.780290324	0.026646223	0.581067685	0.01896066	0.724328544	0.733881414
0.344119409	0.976797695	0.58822975	0.670233512	0.289768935	0.936520608	0.096904216	0.876232677	0.96886851	0.788049399	0.74998896	0.282609981	0.831872986	0.958228003	0.570270937	0.09313434	0.020790165	0.930602818	0.905031442	0.104260921	0.836497836	0.951427871	0.947251564	0.014619649	0.063156985	0.825876341	0.019387985	0.736594707	0.020368937	0.840976929	0.850202485
0.4824973	0.974515119	0.522961161	0.649111388	0.486080054	0.949758106	0.011712813	0.844208722	0.963637904	0.740129615	0.309534724	0.248159254	0.602459883	0.938082449	0.514528608	0.182505664	0.016771373	0.927671992	0.886272772	0.084809674	0.70182337	0.951949217	0.97178284	0.015516255	0.044645562	0.803252916	0.027833492	0.718240884	0.020389625	0.73189722	0.731096668
0.449606094	0.974155422	0.508311434	0.599199103	0.617415073	0.927898801	0.138056376	0.870108674	0.967015818	0.72701148	0.32773995	0.18241047	0.665927651	0.87587606	0.525387047	0.176742255	0.018656883	0.928046937	0.901996449	0.087463217	0.754764366	0.939301443	0.966919825	0.018719364	0.048473472	0.806842346	0.02809995	0.632963099	0.022481512	0.994675773	0.879936037
0.42302434	0.963516555	0.610496339	0.665282514	0.600371566	0.838624366	0.13042638	0.827622967	0.97363895	0.734565874	0.780272392	0.441522281	0.820005817	0.832301872	0.496895419	0.142294723	0.046345911	0.890300073	0.91635725	0.2691456	0.790491374	0.909906571	0.963867861	0.013078145	0.045228351	0.801020317	0.024885156	0.48545021	0.018671044	0.828150416	0.616330906
0.57533482	0.974611924	0.470849851	0.689537202	0.741545442	0.944844328	0.114449523	0.859816064	0.976218316	0.828557011	0.698152952	0.369456574	0.287992742	0.500104404	0.675344975	0.088597535	0.016011028	0.961895246	0.880340278	0.535670582	0.468163314	0.716908373	0.974310981	0.015773513	0.055646411	0.818654777	0.021253979	0.531534866	0.020218867	0.85064951	0.583734193
0.538392699	0.968033196	0.539808308	0.586593829	0.465458121	0.931681727	0.098458651	0.823019574	0.968221814	0.722797053	0.430674883	0.263184286	0.685731198	0.899258742	0.494566348	0.229618525	0.017492786	0.920615917	0.890244135	0.122817388	0.746358277	0.941406342	0.960576594	0.017971677	0.051255561	0.788593449	0.023780585	0.709445679	0.020508062	0.740681502	0.678622766
0.502985716	0.975975578	0.475294683	0.563060319	0.374783328	0.948345696	0.122927199	0.8377871	0.968045488	0.687749494	0.315288766	0.252750703	0.692818039	0.912780433	0.503250414	0.246431096	0.017000647	0.920746865	0.884350166	0.144110622	0.778145359	0.932932214	0.968903948	0.016570077	0.055157063	0.787516402	0.023279408	0.74326591	0.019451591	0.722530786	0.899728783
0.476273439	0.975613204	0.567102917	0.603352578	0.563029951	0.950953711	0.123112018	0.832698802	0.966067213	0.727266411	0.4962081	0.382124411	0.714148953	0.922232131	0.535648986	0.136745246	0.015750919	0.935088322	0.900116668	0.124898032	0.742861155	0.93615755	0.958892464	0.01503007	0.060109321	0.826352755	0.020480106	0.847444106	0.020229971	0.749392669	0.805312369
0.501282131	0.976839751	0.572524341	0.617908504	0.606628327	0.841583096	0.147680502	0.763647391	0.963044617	0.554541437	0.769524116	0.55063181	0.951251553	0.551451197	0.463403865	0.190240145	0.017272598	0.893629777	0.852670855	0.34294342	0.713644398	0.92356264	0.965291893	0.017271295	0.05257471	0.655951591	0.024719355	0.449752036	0.018591882	0.674031936	0.635241404
0.29756987	0.862933355	0.50307494	0.408300917	0.820681727	0.857623235	0.530885112	0.776672906	0.971260993	0.754043244	0.812592012	0.14244572	0.956596122	0.508717223	0.390465709	0.522568454	0.012977795	0.936245552	0.907957384	0.505331281	0.868401412	0.923217406	0.956389038	0.018088032	0.039191823	0.816964196	0.021170942	0.162768958	0.020221577	0.689783019	0.271540613
0.430783408	0.97196286	0.543545397	0.503705664	0.520192289	0.870760927	0.097355928	0.852125146	0.956141882	0.725687731	0.340129652	0.296513284	0.673888084	0.865475048	0.454270647	0.149858333	0.022377828	0.91745789	0.768066674	0.111072727	0.685479152	0.926599166	0.96102398	0.022824689	0.040895101	0.771370448	0.026441764	0.656022504	0.026287064	0.687182703	0.819260405
0.398455424	0.978079524	0.562902676	0.536309836	0.410524706	0.930121402	0.084223753	0.868697612	0.971341805	0.759662166	0.492872614	0.203019034	0.641804491	0.901965825	0.452896419	0.144417047	0.014580726	0.930922216	0.884782409	0.12107394	0.754745723	0.940029294	0.975218464	0.016095302	0.04970545	0.833061107	0.018380097	0.694608428	0.022303281	0.729084867	0.795491007
0.489947751	0.974471739	0.612924538	0.658016976	0.621897833	0.920842458	0.240398105	0.800356632	0.961023836	0.801588394	0.817227037	0.589637052	0.450492499	0.856422675	0.586030361	0.132596143	0.506268319	0.909530038	0.873987946	0.418629061	0.469636026	0.935837385	0.936131475	0.019517706	0.056543175	0.796821418	0.576970191	0.50118357	0.021437702	0.832447119	0.663825067
0.425865788	0.976250867	0.502214979	0.570712473	0.410000366	0.931642069	0.11945248	0.829841299	0.96500793	0.718463423	0.305569872	0.178638763	0.764632625	0.887619252	0.502404118	0.190085748	0.019203399	0.920667036	0.878475525	0.097691155	0.782193991	0.937315478	0.950322842	0.019627708	0.048220316	0.815356616	0.02626679	0.72717207	0.018698296	0.709333131	0.869462014
0.440969633	0.968622883	0.504719384	0.562333214	0.575872674	0.898504988	0.100163372	0.84783196	0.971860866	0.785049676	0.546484981	0.297582599	0.737957647	0.911112553	0.43505381	0.164879698	0.017348095	0.930692896	0.899714107	0.191554785	0.641890156	0.943189773	0.964923735	0.016501755	0.052299872	0.744154352	0.028344951	0.403615677	0.017456718	0.734071025	0.68069206
0.40263611	0.97675422	0.507893329	0.562073941	0.51403119	0.904158903	0.062079488	0.868868011	0.966104622	0.691681167	0.484486671	0.272419747	0.634091249	0.895459645	0.457899479	0.153860397	0.018889367	0.93154384	0.882845101	0.111133501	0.843633165	0.942353111	0.93753294	0.015970685	0.051610474	0.828498433	0.021686942	0.587800357	0.01848971	0.714921738	0.871093002
0.417908621	0.972569825	0.546198642	0.625523467	0.435967512	0.940129976	0.121807922	0.829952259	0.971598312	0.762682044	0.605846284	0.224605997	0.806920793	0.927062503	0.534813986	0.170667	0.017082205	0.919180927	0.93174778	0.105370634	0.769264121	0.946847684	0.967812265	0.014260919	0.058523942	0.821855812	0.020564458	0.656781849	0.017652511	0.767335996	0.823843867
0.470005889	0.911869079	0.525445036	0.498249863	0.469878922	0.927424733	0.079506697	0.826560842	0.969134149	0.763564753	0.534948013	0.220010569	0.872031553	0.910523998	0.459939675	0.283239917	0.015769436	0.895960721	0.881042747	0.14172834	0.76878234	0.940828187	0.967827555	0.01575937	0.05034278	0.783059637	0.02291578	0.668031602	0.020444328	0.720859367	0.847154932
0.472459059	0.975965044	0.541990892	0.609066485	0.385556504	0.94854888	0.108483749	0.857564323	0.972790027	0.691518573	0.3574873	0.268552228	0.714847779	0.838245062	0.532480117	0.173459125	0.019906875	0.938139284	0.897213799	0.124889718	0.809794996	0.92484471	0.974513376	0.013759937	0.053186197	0.819119715	0.026709517	0.633518438	0.019056942	0.776543959	0.782327048
0.437069351	0.976994615	0.518446162	0.604953078	0.519777358	0.925981362	0.111008279	0.832765307	0.965821753	0.719227643	0.266238623	0.247206458	0.715702722	0.876616431	0.541450952	0.167739029	0.01709316	0.927467723	0.879066235	0.102668709	0.788550269	0.950360964	0.969573182	0.018538801	0.051656868	0.816850018	0.023055395	0.719624548	0.018097256	0.734425145	0.8469959
0.451757905	0.973512755	0.48763343	0.60168413	0.444150843	0.937819201	0.08631154	0.827724707	0.9682781	0.713730246	0.566246811	0.221810837	0.683080223	0.891672686	0.516464953	0.208544753	0.01935718	0.894339125	0.915400951	0.093208946	0.776486483	0.92906583	0.976079858	0.016720429	0.062502519	0.7835338	0.022396711	0.611128066	0.019189466	0.704125381	0.792781736
0.398369302	0.980171639	0.518480247	0.645475761	0.50948175	0.919687483	0.115989995	0.802431028	0.968436594	0.723660672	0.403923221	0.240786898	0.678124031	0.90005148	0.527433602	0.134755537	0.016321566	0.928437669	0.911797586	0.0987506	0.702854347	0.941275023	0.965589634	0.015924624	0.070596694	0.80864177	0.024427734	0.720735064	0.017846393	0.776861115	0.757081321
0.54679984	0.792366492	0.520469972	0.504590117	0.508077362	0.904883437	0.268937035	0.638704621	0.97315964	0.686475254	0.556474896	0.247493953	0.964736439	0.523502141	0.522229332	0.47414734	0.012704831	0.892380129	0.845496007	0.547490542	0.805929239	0.948202314	0.969673792	0.014163552	0.048275387	0.789677697	0.020191509	0.325351982	0.015066101	0.61160535	0.577751671
0.5252777	0.9863579	0.5035563	0.7057351	0.7767422	0.9069906	0.129678	0.819016	0.9833837	0.8489678	0.633519	0.6247562	0.9738454	0.9404631	0.6285007	0.4165704	0.0108557	0.9479559	0.8715647	0.181881	0.4756079	0.8769975	0.9455964	0.001865308	0.01025783	0.7378542	0	0.6913093	0.001523505	0.7914241	0.8545734
0.4413525	0.9892085	0.5819435	0.640838	0.5572718	0.8799983	0.1036417	0.7978983	0.9903195	0.8563823	0.7681746	0.3741013	0.9731257	0.9472271	0.5493562	0.2635307	0.000798089	0.9408146	0.904735	0.1573102	0.6587321	0.9064662	0.9440173	0.007370452	0	0.7871864	0.009240634	0.4106811	0	0.7132816	0.73449
0.5364528	0.9896398	0.5742144	0.7912942	0.6300567	0.8984552	0.09146964	0.827531	0.983771	0.8337221	0.5696105	0.5518287	0.9717581	0.9467615	0.6842825	0.3821942	0	0.9591682	0.9495746	0.1213751	0.594189	0.9066561	0.9503082	0	0.01640628	0.7583551	0.008619146	0.604056	0	0.8641683	0.7467553
0.4471064	0.9901534	0.5033779	0.599465	0.5964038	0.8896325	0.08950824	0.8109918	0.9884619	0.7559993	0.7429647	0.4254936	0.9894509	0.9177004	0.5020469	0.3214643	0.006898692	0.9296629	0.8201169	0.1173044	0.5627175	0.8588923	0.9610816	0	0.01555748	0.7380489	0.01638078	0.420633	0	0.7521474	0.8218222
0.4579931	0.9834403	0.5777407	0.6781377	0.6199546	0.9180331	0.1413168	0.8004704	0.9829525	0.8702706	0.7923246	0.3955986	0.9820321	0.9504436	0.5757726	0.2965181	0	0.93727	0.9139053	0.1692472	0.6567665	0.8863407	0.9563373	0.00668306	0	0.7964528	0.01184863	0.3008555	0	0.756834	0.6651368
0.4116924	0.9869189	0.5303654	0.6533738	0.5020385	0.8932888	0.03974704	0.8126885	0.9897199	0.7953126	0.6706981	0.3820165	0.9813995	0.8865436	0.5454702	0.2130074	0.00515908	0.9287405	0.9233745	0.1698284	0.6113665	0.8957546	0.9468891	0.003519639	0	0.7828529	0.003572715	0.5152437	0.000620626	0.6898933	0.8002626
0.427542	0.9881155	0.5245107	0.7146637	0.6220446	0.8958778	0.1065149	0.8159837	0.9737716	0.8536807	0.5648628	0.5013407	0.9642516	0.8960446	0.5757541	0.3034156	0	0.9128578	0.8949538	0.158703	0.5278856	0.8842203	0.9395773	0.008064727	0.05598054	0.7651618	0.01076388	0.5837813	0	0.7811409	0.7688286
0.4227806	0.9829473	0.4791951	0.6956084	0.6005903	0.9081913	0.1111793	0.8057447	0.9913239	0.8414446	0.4717211	0.4940372	0.9802825	0.8978531	0.6212135	0.3428381	0.018067	0.9348255	0.880564	0.1154055	0.4682295	0.8613842	0.9543338	0.008024718	0	0.770014	0.005726037	0.5754774	0	0.8409307	0.8647078
0.517037	0.986157	0.475777	0.6865963	0.7315576	0.8924122	0.1033906	0.7764195	0.9835431	0.8170464	0.4381444	0.5440332	0.9842609	0.9222595	0.5982482	0.3720146	0	0.9405517	0.8857105	0.1089607	0.4787981	0.8998833	0.9591296	0.01430783	0	0.6938533	0.01923411	0.5525068	0	0.8050568	0.8685279
0.4891468	0.9894191	0.4776307	0.7057202	0.6280331	0.9003378	0.08947109	0.8091208	0.9874869	0.7892139	0.4991526	0.5406867	0.9671854	0.9440073	0.592159	0.3874648	0	0.9454914	0.9332331	0.1323986	0.4934823	0.9123796	0.9453338	0.000723305	0	0.771996	0.02135031	0.6573949	0.005767023	0.820365	0.8281797
0.4525053	0.9922597	0.5692897	0.6443106	0.7017985	0.8612655	0.1086327	0.7958434	0.9837241	0.8841839	0.5833502	0.4082372	0.9589664	0.9442281	0.5887187	0.3485484	0.01924031	0.9345496	0.9192716	0.1719363	0.5514496	0.8968655	0.9480649	0.002559672	0.04281614	0.8077914	0.02672681	0.45842	0	0.8015199	0.7951291
0.3823971	0.9920104	0.4674255	0.5398378	0.473368	0.8869584	0.1087471	0.8157476	0.9902002	0.75723	0.6433085	0.2769432	0.9827238	0.9559874	0.4446188	0.2721051	0	0.9100746	0.8835499	0.1212103	0.7149402	0.9039192	0.9312662	0.008166339	0.01527172	0.7982771	0.008571376	0.3563058	0.000535903	0.6509567	0.7789144
0.5037444	0.986356	0.4937388	0.6972803	0.6422659	0.9138392	0.1686755	0.847401	0.9751667	0.8089523	0.4240769	0.5724317	0.9475251	0.8767931	0.6027683	0.308534	0	0.926957	0.9369775	0.1102223	0.4448519	0.8949901	0.9434555	0.007614597	0.018141	0.7261673	0.01126808	0.7300407	0	0.726719	0.8668003
0.5244614	0.9921628	0.5322779	0.7711626	0.6857785	0.8724045	0.1712596	0.8047147	0.9910794	0.8573961	0.7816206	0.3985172	0.9643847	0.8996779	0.6191439	0.3236831	0.001429265	0.9301181	0.9282658	0.1440907	0.6433513	0.8719869	0.9516072	0.00851365	0.01497365	0.7933071	0.01831714	0.4674089	0.007794973	0.8616011	0.7060041
0.5396871	0.991078	0.4543779	0.757647	0.695051	0.9015632	0.09956729	0.7732622	0.9831855	0.8322199	0.3977283	0.5892316	0.9846935	0.9293475	0.6961312	0.4026323	0.01300278	0.9269049	0.9527423	0.1848361	0.4970051	0.8915458	0.9555139	0.01349387	0	0.7243902	0.004951159	0.736287	0.005802021	0.7767939	0.8565631
0.4816271	0.9841736	0.5635354	0.6904726	0.5402554	0.8933985	0.09524111	0.8221397	0.9779778	0.7903433	0.6162864	0.5029073	0.9694164	0.9097367	0.5840977	0.3208129	0.001071941	0.9462247	0.9150746	0.1707695	0.5618644	0.9001433	0.944077	0.01463762	0	0.7081608	0	0.6202658	0.002151245	0.8667699	0.7980202
0.4241898	0.9828498	0.5969517	0.640157	0.5950614	0.8933072	0.1096453	0.8143103	0.9814829	0.8533647	0.7300491	0.4011923	0.9669575	0.8966928	0.4843129	0.2369273	0.005138606	0.9114819	0.9010221	0.2085191	0.6348867	0.8950124	0.940819	0.0105582	0	0.8089244	0.02544083	0.4195877	0.005402338	0.7161013	0.6465104
0.4678992	0.973994	0.5749395	0.6941523	0.5946283	0.9252086	0.08450676	0.8703362	0.9856147	0.8626967	0.5639887	0.4778479	0.9750139	0.9052851	0.53045	0.24805	0	0.9199979	0.9435722	0.1313242	0.6459044	0.9084801	0.9625717	0.002212614	0.04194348	0.757415	0.001272219	0.5099406	0	0.8120012	0.7684452
0.4722255	0.9905162	0.5470668	0.6728551	0.5554609	0.8772896	0.0067538	0.8196031	0.9847921	0.8727532	0.576178	0.3846083	0.9905865	0.9460909	0.5539458	0.2144316	0.01515803	0.9455861	0.9330428	0.1313976	0.6357111	0.9070827	0.9432155	0.007462923	0.05270537	0.8133138	0.01078339	0.4554616	0	0.799501	0.7335429
0.490929	0.9867188	0.5283892	0.8061562	0.6174365	0.9415844	0.1776928	0.8173679	0.9916384	0.8268205	0.6908852	0.5607661	0.9786406	0.9190893	0.7426947	0.4480451	0	0.9418619	0.9119757	0.1360108	0.5070992	0.9018075	0.9659884	0.01776373	0.03295062	0.7188892	0	0.6198534	0	0.8339376	0.8877577
0.5305817	0.9795744	0.5394875	0.7106928	0.6606949	0.912137	0.09966595	0.8541567	0.982574	0.8121023	0.6515416	0.4524727	0.9747089	0.9427261	0.5336405	0.3918629	0.002369231	0.9430146	0.927416	0.1533318	0.5144859	0.9022807	0.9458027	0.01540064	0	0.7809168	0.00090453	0.4775729	0.005626876	0.8132995	0.841467
0.4299917	0.9928217	0.5345688	0.5666279	0.4826908	0.9146883	0.2021034	0.8385354	0.9722511	0.7757493	0.6275144	0.3989026	0.9747971	0.9337903	0.4724363	0.1734032	0.009570655	0.9331406	0.8870541	0.1559256	0.6203343	0.8894329	0.9545279	0.01134581	0.01662623	0.7399794	0.01283532	0.4190996	0.006363481	0.7125546	0.7310987
0.5065187	0.9876265	0.4708616	0.6771504	0.7789461	0.8906956	0.1185329	0.8476273	0.9853573	0.7556738	0.4863131	0.4741537	0.9761316	0.9232102	0.6433188	0.3808894	0.0131218	0.9545016	0.9214411	0.1303635	0.5624869	0.8979093	0.9561661	0.000493556	0.08108158	0.7962988	0.01096802	0.6489005	0	0.7873116	0.8943142
0.3989525	0.9877909	0.5187536	0.6731089	0.5830721	0.9048262	0.1711762	0.8196835	0.9865941	0.840028	0.6527268	0.4332168	0.966384	0.9445944	0.5783665	0.262914	0.007732132	0.9212419	0.9467555	0.1327483	0.5718518	0.8952582	0.9564484	0.007481004	0.03357595	0.8221274	0.004288673	0.5073089	0.005472998	0.7418579	0.8200035
0.5593947	0.9711391	0.5087147	0.7424125	0.7524731	0.8889192	0.1282482	0.7871167	0.9678829	0.7990559	0.3169536	0.6291052	0.958967	0.902279	0.6070725	0.365942	0.02944065	0.8886173	0.8648362	0.1686243	0.4390873	0.8686931	0.9416524	0.02557934	0.05780638	0.7512509	0.02591072	0.754863	0.03492347	0.8374593	0.8761187
0.485927	0.953181	0.5578486	0.7468926	0.5983782	0.8828859	0.1510847	0.7928024	0.9629288	0.8327919	0.5988142	0.4959623	0.9520088	0.8434124	0.5969383	0.2386872	0.02374777	0.8760096	0.8520935	0.1316453	0.595856	0.8472502	0.9322475	0.02916172	0.0839592	0.7457432	0.03754252	0.5233237	0.03768164	0.8095855	0.7291583
0.4909334	0.9698559	0.5513494	0.7434921	0.5457916	0.8646672	0.1620823	0.7812575	0.965673	0.7730359	0.558168	0.4415062	0.9543418	0.897742	0.621148	0.2789948	0.0307036	0.876212	0.8712228	0.1401549	0.5871238	0.8705685	0.9400684	0.02611011	0.07017375	0.7897163	0.04607352	0.4599465	0.02831716	0.8298988	0.7187998
0.5114709	0.9742894	0.514424	0.7233925	0.6348328	0.8731774	0.172504	0.7776648	0.9616315	0.8299364	0.5811273	0.5231661	0.9570239	0.9175521	0.6090559	0.3034469	0.02726032	0.8953996	0.8719122	0.1826266	0.5374305	0.8857024	0.9448115	0.02665067	0.06621451	0.7268565	0.03828997	0.6729106	0.03035607	0.846725	0.8198507
0.5931207	0.9586718	0.5498335	0.7179577	0.7174401	0.8767855	0.1575547	0.785578	0.95941	0.8123292	0.4620725	0.56777	0.960431	0.8893092	0.6352262	0.3713255	0.02418887	0.8802869	0.8100157	0.1553093	0.4794275	0.9059729	0.9472138	0.02887422	0.06796861	0.7648595	0.03988684	0.5245757	0.03052533	0.8077396	0.8633875
0.4368444	0.9608256	0.5223285	0.667193	0.5634256	0.8578032	0.139689	0.854981	0.96254	0.7096283	0.4322302	0.4013272	0.953255	0.9104193	0.5836803	0.2612565	0.02722142	0.8855056	0.8431336	0.1493149	0.6427528	0.8768874	0.9137019	0.02667052	0.07503606	0.7706786	0.0370784	0.4417432	0.02875755	0.6829695	0.8047606
0.4422941	0.954472	0.5697011	0.6301729	0.5264869	0.8575233	0.1952708	0.7881783	0.9537326	0.7148355	0.5961844	0.4055977	0.9376756	0.8744357	0.5054531	0.2148628	0.03440468	0.8627945	0.8444411	0.1274244	0.6154034	0.8653953	0.933093	0.03018848	0.07431591	0.7402611	0.04373196	NA	0.03179776	0.7507514	0.741262
0.5023977	0.9646319	0.5524502	0.6554959	0.6482741	0.8868513	0.1861472	0.7499284	0.9652001	0.8041849	0.4966872	0.4813173	0.9556484	0.8729488	0.5450869	0.2885402	0.02930182	0.8928075	0.8608615	0.1274327	0.5200107	0.8819668	0.9169463	0.02981604	0.07099564	0.7229767	0.06468271	0.5316646	0.03041511	0.7548055	0.7792074
0.5391563	0.9658641	0.5275359	0.693153	0.6628983	0.8905595	0.1603678	0.7622409	0.9574133	0.8037243	0.3672827	0.5668372	0.9527957	0.8959071	0.593012	0.2823375	0.03286868	0.8819565	0.8404852	0.1395624	0.465586	0.8925024	0.9418486	0.03648924	0.09659227	0.7409531	0.04454044	0.6736854	0.03536091	0.7426617	0.8543251
0.4870896	0.9578964	0.535238	0.6900576	0.7012266	0.8762165	0.151367	0.7637631	0.9631389	0.753852	0.4600567	0.5348151	0.9439253	0.8890535	0.5841617	0.2874385	0.02379008	0.8763342	0.8417692	0.1792295	0.4410017	0.885538	0.9395655	0.03378145	0.07724813	0.743497	0.04138108	0.693258	0.0329533	0.7300532	0.8454897
0.4516724	0.9648405	0.526873	0.6822063	0.5784054	0.8603783	0.1420163	0.803087	0.9657021	0.777772	0.5626352	0.3675803	0.949383	0.8753104	0.6019453	0.24703	0.03098834	0.8913548	0.8438328	0.1266961	0.5691937	0.8675325	0.9331352	0.02821533	0.06238759	0.7811035	0.0444543	0.525607	0.03298372	0.7679124	0.7903201
0.4941075	0.9575295	0.4962882	0.6770434	0.6673139	0.8714266	0.1297451	0.8055788	0.9696681	0.7654433	0.4133526	0.5233354	0.9447059	0.8918545	0.5895675	0.3385159	0.02650742	0.9021676	0.8389783	0.175827	0.5434816	0.8614672	0.9326842	0.03368579	0.08932755	0.7622169	0.05431194	0.5861796	0.02347547	0.7855706	0.7876348
0.494802	0.9524114	0.5835682	0.6874275	0.5934458	0.8847767	0.1801759	0.7846313	0.9723168	0.7578446	0.5304044	0.4580005	0.9528346	0.900166	0.562757	0.2954098	0.02707371	0.8846657	0.8497201	0.1717488	0.6006809	0.8686976	0.9301155	0.02727996	0.08574859	0.7095428	0.04746034	0.4904592	0.03525226	0.7697769	0.7262798
0.4789577	0.9663456	0.5274412	0.6622988	0.6651779	0.874611	0.1712505	0.7866485	0.9611121	0.7728409	0.442322	0.4418612	0.9483922	0.8525041	0.5370771	0.3356572	0.03235267	0.8908167	0.8415916	0.1486001	0.5807133	0.880933	0.9530342	0.02816116	0.09479947	0.7679757	0.04558955	0.4068751	0.03122423	0.7383394	0.8071393
0.5185965	0.9635522	0.5206053	0.742797	0.7691712	0.8679988	0.1516479	0.7871411	0.9616223	0.7284198	0.4770215	0.5690221	0.9523394	0.8374268	0.6663897	0.397862	0.0303314	0.8422098	0.8560022	0.1470591	0.4689499	0.8948344	0.9365487	0.02606527	0.08078229	0.7358173	0.05198008	0.6447895	0.03877603	0.84374	0.8663151
0.4880388	0.9635301	0.5264444	0.6690565	0.5964364	0.8415857	0.1393405	0.7781649	0.9646959	0.724066	0.5304133	0.4343518	0.9364835	0.8523026	0.5647267	0.2326619	0.02855696	0.8730372	0.844458	0.1481754	0.5949842	0.8581939	0.9272498	0.02706484	0.0789424	0.722258	0.04311448	0.4596294	0.03050071	0.7278265	0.7529428
0.5301921	0.9688219	0.5166334	0.7954276	0.8180656	0.8701971	0.1489988	0.8173645	0.9679841	0.8275529	0.4218703	0.6076909	0.9516135	0.930809	0.7086716	0.2895016	0.0345936	0.8921227	0.8616361	0.1693534	0.4466184	0.863241	0.9429641	0.02933135	0.0711362	0.7423286	0.04369532	0.7156433	0.03523308	0.8048623	0.8724457
0.4717203	0.9659522	0.5303672	0.6445941	0.6174045	0.859931	0.1752565	0.7958134	0.9639519	0.7663036	0.4787064	0.4289613	0.9383164	0.897925	0.5275721	0.3014491	0.03177292	0.9030309	0.8320985	0.1707883	0.5068499	0.8646539	0.9367187	0.02782067	0.07833432	0.7593069	0.03726041	0.50652	0.03292545	0.7483726	0.8358655
0.4573629	0.9648324	0.5394292	0.7025471	0.7057862	0.8982719	0.1324379	0.7933324	0.9668298	0.8060082	0.4744717	0.533622	0.9478253	0.9062268	0.6112879	0.2821706	0.03785674	0.8939291	0.8605136	0.2034607	0.5285226	0.8755041	0.9308918	0.03480955	0.1114285	0.7454667	0.04754781	0.5893942	0.05000523	0.7383783	0.8359271
0.4637572	0.9602269	0.5078642	0.7264144	0.6742521	0.8871703	0.1333326	0.7766791	0.9570187	0.7893767	0.4664769	0.5368658	0.9477196	0.9243753	0.6339146	0.298517	0.02827067	0.8814479	0.8431365	0.120241	0.5295358	0.8481714	0.9298971	0.03344914	0.07751345	0.7444805	0.04034425	0.6331601	0.0291515	0.8122678	0.8473086
0.5563718	0.9657575	0.4799685	0.6826875	0.6994603	0.869754	0.1352167	0.7770988	0.9591186	0.7675734	0.429829	0.5878842	0.9511642	0.8861721	0.581044	0.3601312	0.04107739	0.9114922	0.8757025	0.1710753	0.4091595	0.8707316	0.9483082	0.02580371	0.09441525	0.7116221	0.04436492	0.6630906	0.03363488	0.8237717	0.8357232
0.4536522	0.9646422	0.5199437	0.7188253	0.6421042	0.8764455	0.1493482	0.7881362	0.9564537	0.770959	0.3973716	0.4045979	0.9448455	0.8798817	0.6410696	0.2914143	0.02793085	0.900292	0.8411396	0.1604219	0.5723273	0.8531305	0.9416755	0.03259381	0.0997486	0.7642103	0.03762175	0.5177351	0.03575258	0.6897089	0.8223633
0.461946	0.9711649	0.5357601	0.6484945	0.7186593	0.8621979	0.1543799	0.7800258	0.962061	0.7824326	0.5264532	0.4470516	0.9496689	0.8848578	0.5396667	0.2411118	0.03122712	0.876054	0.8571224	0.1437362	0.5774751	0.8714705	0.9285043	0.03087305	0.06708784	0.7768694	0.04349227	0.5010189	0.03275688	0.7607008	0.7818849
0.5589417	0.9698974	0.4947958	0.7337858	0.6472577	0.8820522	0.1785565	0.8190113	0.9617715	0.8486752	0.3898005	0.6324048	0.959532	0.9316081	0.6514032	0.2582093	0.0435839	0.9245377	0.8478028	0.1020555	0.4534602	0.8847364	0.9574561	0.02849731	0.1181469	0.7767573	0.04039113	0.6620785	0.04398326	0.6819683	0.9030356
0.6255069	0.9689945	0.4892264	0.7875485	0.6547497	0.9063772	0.1549082	0.7960237	0.963377	0.8668142	0.4878407	0.6814003	0.9611242	0.9516926	0.7268195	0.2613158	0.04208447	0.9207434	0.8445179	0.09423959	0.4491538	0.8944449	0.9450201	0.02846576	0.07373174	0.7531373	0.03701238	0.6963225	0.03669825	0.7739376	0.8771355
0.5242136	0.9664319	0.5751089	0.7652715	0.6506841	0.8715643	0.1557012	0.8005657	0.9634325	0.7897616	0.5878641	0.56064	0.9499196	0.9172487	0.6621	0.2781002	0.03949755	0.9129591	0.8462364	0.1727528	0.472587	0.8741859	0.9364267	0.03010635	0.09585258	0.788659	0.04676438	0.6147563	0.03659184	0.8243201	0.7954116
0.5301966	0.9604549	0.5304227	0.7479048	0.7151427	0.8555286	0.1381206	0.8134685	0.9673951	0.7773136	0.382794	0.5845367	0.9529546	0.9241475	0.6216902	0.3749253	0.02480695	0.8789339	0.8395454	0.1578388	0.457089	0.8743805	0.9392929	0.02822782	0.07408686	0.7905532	0.04598838	0.6953181	0.02804287	0.8362596	0.8527409
0.4932545	0.9678891	0.4832397	0.7439339	0.668433	0.8726436	0.1620935	0.8149456	0.9640272	0.8240209	0.5340952	0.494208	0.9618779	0.8816208	0.618107	0.3254778	0.02731702	0.9117672	0.8603277	0.1613759	0.5319226	0.8770496	0.9470601	0.02860804	0.07049447	0.7182026	0.03621437	0.5491391	0.03979009	0.7691609	0.817521
0.4328209	0.9629878	0.5421624	0.6585169	0.5048341	0.8583789	0.1511615	0.7884665	0.9631755	0.6961338	0.5644486	0.3847301	0.9546619	0.9052721	0.5322456	0.2386637	0.03227501	0.8955467	0.8475142	0.1753089	0.6447186	0.871315	0.9413868	0.02326102	0.09949987	0.7733856	0.03753728	0.4441831	0.03262009	0.7348855	0.6959786
0.5387285	0.9627158	0.5534689	0.6976607	0.6636318	0.8778313	0.1773458	0.7913974	0.9615357	0.8001518	0.4722053	0.5452	0.9526359	0.8637394	0.5858622	0.3709368	0.0312943	0.8981376	0.8777478	0.1874232	0.5079684	0.8775423	0.9389463	0.02737545	0.08889148	0.6956972	0.05633176	0.6490682	0.03348383	0.8182886	0.798358
0.4686267	0.9581324	0.5684421	0.670927	0.6242927	0.865809	0.160339	0.794939	0.9621374	0.7552009	0.5011202	0.4576228	0.9523646	0.8856025	0.5335112	0.2959961	0.033308	0.8817199	0.8330938	0.134689	0.6049709	0.8626281	0.9417158	0.03049634	0.0763512	0.7605026	0.04618505	0.4976193	0.03852013	0.815403	0.7674243
0.52954	0.9658813	0.4465956	0.6369765	0.7554414	0.8532389	0.170887	0.8056883	0.9594948	0.8128184	0.5149703	0.5091336	0.9574578	0.8503259	0.5777931	0.3621286	0.02907099	0.8948708	0.8634729	0.1228941	0.5084274	0.9096379	0.9210898	0.02739699	0.07724442	0.7473805	0.03227748	0.4507419	0.03564078	0.7761208	0.8211672
0.4988739	0.9659014	0.54072	0.7144653	0.5112798	0.873643	0.1533582	0.7970645	0.9609808	0.6950058	0.537954	0.496664	0.9480972	0.8618613	0.587292	0.238769	0.03404827	0.8824767	0.8762451	0.1716745	0.5880778	0.8714735	0.9440096	0.03229038	0.09107218	0.7317052	0.06155111	0.5581578	0.04681275	0.7860933	0.7271093
0.5122361	0.9590393	0.4998939	0.7417067	0.6826918	0.8837571	0.1531243	0.8032284	0.9701664	0.8087847	0.3946499	0.5873948	0.9583294	0.8751101	0.6101514	0.3364522	0.03160706	0.8998334	0.8604053	0.1338289	0.4286028	0.9000778	0.9449295	0.02689641	0.0557122	0.6856418	0.0357577	0.6752057	0.02679903	0.7845424	0.868719
0.4215174	0.9663118	0.2951268	0.7868389	0.7598297	0.882225	0.3907278	0.8012718	0.9677773	0.808208	0.4005293	0.7782956	0.9534338	0.5749111	0.7005364	0.5160344	0.02653735	0.9032849	0.8599561	0.4514234	0.3291319	0.8773421	0.9553857	0.02704493	0.6162951	0.8181372	0.0394979	0.6454021	0.02501821	0.4080461	0.8701773
0.4417142	0.9635311	0.5216146	0.5931743	0.5163805	0.8643886	0.1817569	0.7898538	0.9692805	0.7611836	0.5562135	0.3729504	0.9388529	0.9060463	0.5058438	0.2540023	0.03178864	0.8680728	0.8204354	0.1494074	0.6960548	0.8902833	0.9491273	0.02880398	0.09911866	0.78817	0.03635032	0.3603204	0.03596345	0.6774893	0.7449422
0.4800477	0.9617664	0.4511361	0.602645	0.687278	0.8524204	0.1981482	0.7740731	0.9681013	0.6864333	0.3990134	0.45355	0.9580364	0.8889754	0.5176541	0.3123253	0.03067925	0.8905579	0.8057474	0.1135595	0.4821103	0.8635944	0.928179	0.03473393	0.08471686	0.7875084	0.04285536	0.45728	0.03716262	0.7276062	0.8247278
0.4835132	0.9595323	0.5485955	0.685549	0.6347057	0.8634153	0.1627579	0.7860513	0.9575745	0.8218649	0.4305603	0.475961	0.9502671	0.8677685	0.5966203	0.2720245	0.03223457	0.8911409	0.8337652	0.1326121	0.5854088	0.8696088	0.9254202	0.02485015	0.05456611	0.7631286	0.04227613	0.5269071	0.03058397	0.8041215	0.7841084
0.4500754	0.9594219	0.5558128	0.6702783	0.4605999	0.8296975	0.2077449	0.8044426	0.9622687	0.7299671	0.5238149	0.4691479	0.954161	0.8971764	0.5478826	0.2185189	0.03556938	0.8575177	0.8501672	0.1574692	0.5262049	0.8378224	0.9351187	0.02659288	0.09065796	0.7625687	0.05294262	0.5281788	0.02811972	0.7063633	0.7293674
0.4732294	0.9538351	0.5591285	0.6333979	0.5874397	0.8457236	0.1795485	0.7629392	0.9633627	0.7873146	0.5396715	0.3716328	0.9452034	0.899911	0.5460934	0.2262211	0.02947775	0.8891732	0.8582081	0.1376522	0.658516	0.8634425	0.9234897	0.03167792	0.0709857	0.7410887	0.0360333	0.4023885	0.0354026	0.7696297	0.6969092
0.4678151	0.9656292	0.5051132	0.6363364	0.6462716	0.8719322	0.1779797	0.798944	0.9690885	0.7931659	0.4931993	0.4306137	0.9401688	0.902669	0.5678713	0.276502	0.04092361	0.8564127	0.8291211	0.1517878	0.562359	0.8945428	0.9330721	0.02859845	0.07404549	0.7732698	0.04040733	0.4288763	0.03401063	0.7646986	0.7943557
0.466636	0.9598795	0.5739451	0.6780054	0.4858123	0.8671635	0.2005878	0.8049747	0.9580926	0.7642457	0.6677129	0.3967737	0.9482483	0.887247	0.5594595	0.2042775	0.03783046	0.8413576	0.772831	0.1474476	0.6768656	0.8700407	0.9354119	0.03132369	0.07378405	0.7932027	0.0420543	0.4021935	0.03037042	0.8071079	0.669849
0.4743	0.9602	0.5707	0.5548	0.6232	0.8749	0.2207	0.8138	0.8379	0.6944	0.6363	0.223	0.907	0.7776	0.5411	0.4675	0.0497	0.8621	0.6374	0.1143	0.699	0.8833	0.9298	0.0283	0.0734	0.7778	0.1894	0.6094	0.0258	0.7097	0.8349
0.364	0.957	0.505	0.6181	0.6286	0.87	0.1297	0.8201	0.9538	0.786	0.5011	0.3074	0.9191	0.5079	0.5685	0.4523	0.0444	0.8721	0.7872	0.2323	0.4786	0.8954	0.9472	0.0397	0.1116	0.8043	0.095	0.4781	0.0198	0.7834	0.7625
0.4264	0.9632	0.5636	0.5991	0.634	0.8489	0.2747	0.835	0.9027	0.7553	0.6859	0.3465	0.8949	0.6439	0.5354	0.4092	0.0315	0.8999	0.7319	0.146	0.6774	0.838	0.9236	0.0457	0.0639	0.816	0.1171	0.4626	0.0295	0.701	0.6815
0.3598	0.9656	0.5528	0.6486	0.5008	0.8361	0.1746	0.8264	0.9524	0.7795	0.4132	0.2765	0.9011	0.5328	0.5733	0.3937	0.0344	0.8802	0.7952	0.1356	0.5308	0.87	0.9506	0.0262	0.0753	0.6816	0.0609	0.5332	0.0345	0.7961	0.7272
0.352	0.9588	0.5193	0.6487	0.5942	0.8324	0.2019	0.8214	0.9356	0.781	0.6621	0.2869	0.9246	0.5495	0.5637	0.3629	0.0157	0.8892	0.7549	0.1451	0.5266	0.8766	0.9514	0.0442	0.0679	0.8009	0.0959	0.4443	0.0386	0.7987	0.7123
0.3682	0.9545	0.5464	0.6088	0.481	0.8784	0.1863	0.877	0.9343	0.6943	0.4746	0.2301	0.9153	0.6027	0.5408	0.383	0.0356	0.8365	0.7316	0.2218	0.5632	0.8766	0.9482	0.0348	0.0967	0.7958	0.0627	0.466	0.0253	0.7571	0.7413
0.3851	0.9634	0.504	0.6504	0.6131	0.8904	0.1604	0.8257	0.9266	0.743	0.4997	0.2589	0.8898	0.5843	0.5139	0.4802	0.0376	0.84	0.7285	0.1596	0.5069	0.9025	0.9455	0.0322	0.1052	0.805	0.0674	0.4916	0.0316	0.8116	0.8097
0.4207	0.9579	0.5151	0.6466	0.5586	0.8764	0.2147	0.8186	0.9492	0.7933	0.5099	0.3508	0.9044	0.5644	0.5682	0.4083	0.0344	0.8812	0.8312	0.1893	0.5401	0.8865	0.9436	0.0224	0.0339	0.8223	0.0703	0.5452	0.0349	0.8115	0.7462
0.3766	0.9622	0.4977	0.6302	0.5747	0.8439	0.1582	0.8176	0.9493	0.7626	0.4818	0.281	0.8925	0.5315	0.5532	0.4114	0.031	0.8522	0.7983	0.1362	0.5439	0.9011	0.9337	0.0259	0.0989	0.8265	0.1051	0.4898	0.0318	0.7841	0.7933
0.4026	0.9555	0.505	0.6071	0.541	0.855	0.2166	0.8108	0.9378	0.7009	0.5844	0.3289	0.9163	0.548	0.5869	0.4205	0.0271	0.8822	0.8682	0.1752	0.489	0.868	0.9455	0.0347	0.0486	0.7668	0.1089	0.4619	0.0362	0.7964	0.6773
0.4317	0.9705	0.5481	0.6023	0.6774	0.8932	0.1754	0.8294	0.8892	0.7061	0.5727	0.2053	0.8985	0.6615	0.5592	0.484	0.0281	0.8223	0.7606	0.1472	0.6212	0.9107	0.9366	0.0301	0.0203	0.8098	0.0402	0.554	0.0246	0.7145	0.7922
0.3759	0.9718	0.5019	0.5932	0.6292	0.8892	0.1985	0.8063	0.9575	0.7514	0.412	0.2203	0.9261	0.4927	0.5681	0.5053	0.0347	0.8895	0.8127	0.184	0.4885	0.898	0.9459	0.0188	0.0333	0.8224	0.0521	0.4629	0.0085	0.7956	0.7227
0.3805	0.9679	0.4938	0.5988	0.4605	0.864	0.225	0.8175	0.9529	0.7377	0.4787	0.235	0.9214	0.5091	0.4945	0.4008	0.0372	0.8679	0.7802	0.1531	0.5023	0.8833	0.9426	0.0265	0.0698	0.7437	0.0718	0.5293	0.0182	0.7633	0.8178
0.3882	0.9686	0.5235	0.6158	0.5942	0.8697	0.2272	0.8206	0.9386	0.7536	0.6538	0.2522	0.9294	0.6091	0.5416	0.4366	0.0221	0.8852	0.8519	0.1682	0.5596	0.8693	0.9529	0.0206	0.0529	0.7989	0.0582	0.5183	0.0241	0.7813	0.7876
0.369	0.9672	0.53	0.6244	0.5958	0.851	0.214	0.8301	0.9599	0.7676	0.4947	0.3361	0.9273	0.5534	0.5277	0.4156	0.0226	0.881	0.8477	0.2107	0.5625	0.9292	0.9494	0.0304	0.1161	0.7857	0.0875	0.4962	0.0202	0.8251	0.754
0.4244	0.9653	0.4909	0.6556	0.712	0.9131	0.2958	0.8299	0.9295	0.8138	0.5089	0.1572	0.9584	0.6096	0.6091	0.5397	0.0355	0.9044	0.8861	0.0873	0.584	0.8936	0.9682	0.0235	0.1486	0.8367	0.0262	0.5226	0.0255	0.832	0.8312
0.4111	0.9616	0.5139	0.6138	0.6999	0.8632	0.2568	0.8228	0.9199	0.7251	0.545	0.2527	0.9135	0.5717	0.551	0.4447	0.0152	0.868	0.8064	0.1465	0.5635	0.9032	0.9461	0.0185	0.0475	0.8121	0.0739	0.4688	0.0295	0.7887	0.7939
0.3605	0.9715	0.5243	0.6586	0.6782	0.8857	0.1699	0.8219	0.9697	0.7909	0.4664	0.3113	0.9201	0.6317	0.5372	0.4255	0.0198	0.894	0.814	0.1879	0.5071	0.8923	0.9542	0.0219	0.0707	0.7413	0.0769	0.5338	0.0342	0.8297	0.803
0.3921	0.9575	0.5463	0.631	0.5123	0.8477	0.1312	0.8225	0.9278	0.7	0.4823	0.1997	0.9156	0.5903	0.4802	0.3824	0.0321	0.8531	0.7541	0.0953	0.5724	0.8856	0.9463	0.0246	0.0454	0.8069	0.0444	0.479	0.0145	0.8009	0.8018
0.384	0.9727	0.5551	0.6574	0.534	0.9023	0.1693	0.7983	0.962	0.7835	0.4785	0.2872	0.9237	0.5834	0.574	0.4101	0.0258	0.8628	0.8559	0.1454	0.5433	0.8968	0.9479	0.0358	0.0478	0.8073	0.0457	0.5205	0.0294	0.835	0.7119
0.3049	0.97	0.5061	0.6002	0.5798	0.8483	0.153	0.8218	0.9473	0.7789	0.3897	0.2529	0.9304	0.4699	0.5267	0.4418	0.0276	0.8539	0.8074	0.1058	0.4472	0.8744	0.9491	0.0161	0.057	0.8175	0.0544	0.529	0.0208	0.8104	0.7902
0.2978	0.9714	0.4311	0.5504	0.5562	0.8621	0.2074	0.8416	0.9468	0.7337	0.5525	0.1889	0.9121	0.465	0.5724	0.4931	0.0332	0.8612	0.7415	0.1019	0.5171	0.8916	0.9464	0.0332	0.0529	0.8141	0.0561	0.5821	0.0297	0.829	0.8363
